-11,-7,7B+mY0JK1VN1ha88nEfnbqn7rB0=,r95HG/yscBp696OtuVvFMTuOpXI=
-12,-7,7B+mY0JK1VN1ha88nEfnbqn7rB0=,r95HG/yscBp696OtuVvFMTuOpXI=
-11,-6,7B+mY0JK1VN1ha88nEfnbqn7rB0=,r95HG/yscBp696OtuVvFMTuOpXI=
-10,-6,7B+mY0JK1VN1ha88nEfnbqn7rB0=,r95HG/yscBp696OtuVvFMTuOpXI=
-12,-6,7B+mY0JK1VN1ha88nEfnbqn7rB0=,r95HG/yscBp696OtuVvFMTuOpXI=
-10,-7,7B+mY0JK1VN1ha88nEfnbqn7rB0=,r95HG/yscBp696OtuVvFMTuOpXI=
-14,-6,7B+mY0JK1VN1ha88nEfnbqn7rB0=,U0bDLpT9hBFzUwTJ2SWzTULrtnk=
-13,-6,7B+mY0JK1VN1ha88nEfnbqn7rB0=,U0bDLpT9hBFzUwTJ2SWzTULrtnk=
-15,-7,7B+mY0JK1VN1ha88nEfnbqn7rB0=,U0bDLpT9hBFzUwTJ2SWzTULrtnk=
-13,-7,7B+mY0JK1VN1ha88nEfnbqn7rB0=,U0bDLpT9hBFzUwTJ2SWzTULrtnk=
-14,-7,7B+mY0JK1VN1ha88nEfnbqn7rB0=,U0bDLpT9hBFzUwTJ2SWzTULrtnk=
-15,-6,7B+mY0JK1VN1ha88nEfnbqn7rB0=,U0bDLpT9hBFzUwTJ2SWzTULrtnk=
-8,-7,7B+mY0JK1VN1ha88nEfnbqn7rB0=,JYHYamIaO8K/XbSWO6kXyJBqFTI=
-9,-6,7B+mY0JK1VN1ha88nEfnbqn7rB0=,r95HG/yscBp696OtuVvFMTuOpXI=
-7,-6,7B+mY0JK1VN1ha88nEfnbqn7rB0=,JYHYamIaO8K/XbSWO6kXyJBqFTI=
-9,-7,7B+mY0JK1VN1ha88nEfnbqn7rB0=,r95HG/yscBp696OtuVvFMTuOpXI=
-6,-7,7B+mY0JK1VN1ha88nEfnbqn7rB0=,JYHYamIaO8K/XbSWO6kXyJBqFTI=
-6,-6,7B+mY0JK1VN1ha88nEfnbqn7rB0=,JYHYamIaO8K/XbSWO6kXyJBqFTI=
-8,-6,7B+mY0JK1VN1ha88nEfnbqn7rB0=,JYHYamIaO8K/XbSWO6kXyJBqFTI=
-7,-7,7B+mY0JK1VN1ha88nEfnbqn7rB0=,JYHYamIaO8K/XbSWO6kXyJBqFTI=
-4,-7,7B+mY0JK1VN1ha88nEfnbqn7rB0=,JOXUeAesntFhyw6ib/YVATgd3XU=
-5,-7,7B+mY0JK1VN1ha88nEfnbqn7rB0=,JYHYamIaO8K/XbSWO6kXyJBqFTI=
-3,-6,7B+mY0JK1VN1ha88nEfnbqn7rB0=,JOXUeAesntFhyw6ib/YVATgd3XU=
-3,-7,7B+mY0JK1VN1ha88nEfnbqn7rB0=,JOXUeAesntFhyw6ib/YVATgd3XU=
-4,-6,7B+mY0JK1VN1ha88nEfnbqn7rB0=,JOXUeAesntFhyw6ib/YVATgd3XU=
-5,-6,7B+mY0JK1VN1ha88nEfnbqn7rB0=,JYHYamIaO8K/XbSWO6kXyJBqFTI=
-2,-7,7B+mY0JK1VN1ha88nEfnbqn7rB0=,JOXUeAesntFhyw6ib/YVATgd3XU=
-2,-6,2oHYuzV6+jeqc0+ZCUndNVPixhI=,JOXUeAesntFhyw6ib/YVATgd3XU=
-7,-9,2oHYuzV6+jeqc0+ZCUndNVPixhI=,jPVSKKLtQFomEJZiv1qviBgSWy8=
-6,-8,2oHYuzV6+jeqc0+ZCUndNVPixhI=,JYHYamIaO8K/XbSWO6kXyJBqFTI=
-7,-10,2oHYuzV6+jeqc0+ZCUndNVPixhI=,jPVSKKLtQFomEJZiv1qviBgSWy8=
-7,-8,2oHYuzV6+jeqc0+ZCUndNVPixhI=,JYHYamIaO8K/XbSWO6kXyJBqFTI=
-6,-10,2oHYuzV6+jeqc0+ZCUndNVPixhI=,jPVSKKLtQFomEJZiv1qviBgSWy8=
-6,-11,2oHYuzV6+jeqc0+ZCUndNVPixhI=,jPVSKKLtQFomEJZiv1qviBgSWy8=
-7,-11,2oHYuzV6+jeqc0+ZCUndNVPixhI=,jPVSKKLtQFomEJZiv1qviBgSWy8=
-6,-9,2oHYuzV6+jeqc0+ZCUndNVPixhI=,jPVSKKLtQFomEJZiv1qviBgSWy8=
-7,-3,2oHYuzV6+jeqc0+ZCUndNVPixhI=,LuaoUJujmYXbDXP19cMYPNxQG5E=
-6,-4,2oHYuzV6+jeqc0+ZCUndNVPixhI=,LuaoUJujmYXbDXP19cMYPNxQG5E=
-7,-4,2oHYuzV6+jeqc0+ZCUndNVPixhI=,LuaoUJujmYXbDXP19cMYPNxQG5E=
-6,-2,2oHYuzV6+jeqc0+ZCUndNVPixhI=,LuaoUJujmYXbDXP19cMYPNxQG5E=
-7,-2,2oHYuzV6+jeqc0+ZCUndNVPixhI=,LuaoUJujmYXbDXP19cMYPNxQG5E=
-6,-3,2oHYuzV6+jeqc0+ZCUndNVPixhI=,LuaoUJujmYXbDXP19cMYPNxQG5E=
-7,-5,2oHYuzV6+jeqc0+ZCUndNVPixhI=,JYHYamIaO8K/XbSWO6kXyJBqFTI=
-6,-5,2oHYuzV6+jeqc0+ZCUndNVPixhI=,JYHYamIaO8K/XbSWO6kXyJBqFTI=
-7,-13,2oHYuzV6+jeqc0+ZCUndNVPixhI=,UMCl7daExhoU21VsVdESaWNkY38=
-6,-12,2oHYuzV6+jeqc0+ZCUndNVPixhI=,jPVSKKLtQFomEJZiv1qviBgSWy8=
-7,-12,2oHYuzV6+jeqc0+ZCUndNVPixhI=,jPVSKKLtQFomEJZiv1qviBgSWy8=
-6,-15,2oHYuzV6+jeqc0+ZCUndNVPixhI=,UMCl7daExhoU21VsVdESaWNkY38=
-6,-13,2oHYuzV6+jeqc0+ZCUndNVPixhI=,UMCl7daExhoU21VsVdESaWNkY38=
-6,-14,2oHYuzV6+jeqc0+ZCUndNVPixhI=,UMCl7daExhoU21VsVdESaWNkY38=
-7,-15,2oHYuzV6+jeqc0+ZCUndNVPixhI=,UMCl7daExhoU21VsVdESaWNkY38=
-3,-5,2oHYuzV6+jeqc0+ZCUndNVPixhI=,JOXUeAesntFhyw6ib/YVATgd3XU=
-7,-14,2oHYuzV6+jeqc0+ZCUndNVPixhI=,UMCl7daExhoU21VsVdESaWNkY38=
-2,-5,2oHYuzV6+jeqc0+ZCUndNVPixhI=,JOXUeAesntFhyw6ib/YVATgd3XU=
-4,-5,2oHYuzV6+jeqc0+ZCUndNVPixhI=,JOXUeAesntFhyw6ib/YVATgd3XU=
-5,-2,2oHYuzV6+jeqc0+ZCUndNVPixhI=,LuaoUJujmYXbDXP19cMYPNxQG5E=
-5,-4,2oHYuzV6+jeqc0+ZCUndNVPixhI=,LuaoUJujmYXbDXP19cMYPNxQG5E=
-2,-3,2oHYuzV6+jeqc0+ZCUndNVPixhI=,wQNsO8D3+O3RH/UrjUiFOzu1Sz0=
-2,-2,2oHYuzV6+jeqc0+ZCUndNVPixhI=,wQNsO8D3+O3RH/UrjUiFOzu1Sz0=
-5,-5,2oHYuzV6+jeqc0+ZCUndNVPixhI=,JYHYamIaO8K/XbSWO6kXyJBqFTI=
-4,-4,2oHYuzV6+jeqc0+ZCUndNVPixhI=,wQNsO8D3+O3RH/UrjUiFOzu1Sz0=
-3,-2,2oHYuzV6+jeqc0+ZCUndNVPixhI=,wQNsO8D3+O3RH/UrjUiFOzu1Sz0=
-5,-3,2oHYuzV6+jeqc0+ZCUndNVPixhI=,LuaoUJujmYXbDXP19cMYPNxQG5E=
-3,-3,2oHYuzV6+jeqc0+ZCUndNVPixhI=,wQNsO8D3+O3RH/UrjUiFOzu1Sz0=
-2,-4,2oHYuzV6+jeqc0+ZCUndNVPixhI=,wQNsO8D3+O3RH/UrjUiFOzu1Sz0=
-4,-3,2oHYuzV6+jeqc0+ZCUndNVPixhI=,wQNsO8D3+O3RH/UrjUiFOzu1Sz0=
-3,-4,2oHYuzV6+jeqc0+ZCUndNVPixhI=,wQNsO8D3+O3RH/UrjUiFOzu1Sz0=
-4,-2,2oHYuzV6+jeqc0+ZCUndNVPixhI=,wQNsO8D3+O3RH/UrjUiFOzu1Sz0=
-3,-9,2oHYuzV6+jeqc0+ZCUndNVPixhI=,4OnIae1ctHIJzNYrvQ9CIB3xMkg=
-2,-9,2oHYuzV6+jeqc0+ZCUndNVPixhI=,4OnIae1ctHIJzNYrvQ9CIB3xMkg=
-5,-10,2oHYuzV6+jeqc0+ZCUndNVPixhI=,jPVSKKLtQFomEJZiv1qviBgSWy8=
-2,-11,2oHYuzV6+jeqc0+ZCUndNVPixhI=,4OnIae1ctHIJzNYrvQ9CIB3xMkg=
-4,-8,2oHYuzV6+jeqc0+ZCUndNVPixhI=,JOXUeAesntFhyw6ib/YVATgd3XU=
-3,-10,2oHYuzV6+jeqc0+ZCUndNVPixhI=,4OnIae1ctHIJzNYrvQ9CIB3xMkg=
-5,-11,2oHYuzV6+jeqc0+ZCUndNVPixhI=,jPVSKKLtQFomEJZiv1qviBgSWy8=
-4,-9,2oHYuzV6+jeqc0+ZCUndNVPixhI=,4OnIae1ctHIJzNYrvQ9CIB3xMkg=
-5,-8,2oHYuzV6+jeqc0+ZCUndNVPixhI=,JYHYamIaO8K/XbSWO6kXyJBqFTI=
-2,-8,2oHYuzV6+jeqc0+ZCUndNVPixhI=,JOXUeAesntFhyw6ib/YVATgd3XU=
-3,-11,2oHYuzV6+jeqc0+ZCUndNVPixhI=,4OnIae1ctHIJzNYrvQ9CIB3xMkg=
-4,-11,2oHYuzV6+jeqc0+ZCUndNVPixhI=,4OnIae1ctHIJzNYrvQ9CIB3xMkg=
-2,-10,2oHYuzV6+jeqc0+ZCUndNVPixhI=,4OnIae1ctHIJzNYrvQ9CIB3xMkg=
-4,-10,2oHYuzV6+jeqc0+ZCUndNVPixhI=,4OnIae1ctHIJzNYrvQ9CIB3xMkg=
-3,-8,2oHYuzV6+jeqc0+ZCUndNVPixhI=,JOXUeAesntFhyw6ib/YVATgd3XU=
-5,-9,2oHYuzV6+jeqc0+ZCUndNVPixhI=,jPVSKKLtQFomEJZiv1qviBgSWy8=
-11,-15,2oHYuzV6+jeqc0+ZCUndNVPixhI=,k+2YxoUXDyZV2OrPRxHGXvcbn0o=
-8,-14,2oHYuzV6+jeqc0+ZCUndNVPixhI=,UMCl7daExhoU21VsVdESaWNkY38=
-9,-14,2oHYuzV6+jeqc0+ZCUndNVPixhI=,k+2YxoUXDyZV2OrPRxHGXvcbn0o=
-9,-15,2oHYuzV6+jeqc0+ZCUndNVPixhI=,k+2YxoUXDyZV2OrPRxHGXvcbn0o=
-10,-15,2oHYuzV6+jeqc0+ZCUndNVPixhI=,k+2YxoUXDyZV2OrPRxHGXvcbn0o=
-11,-14,2oHYuzV6+jeqc0+ZCUndNVPixhI=,k+2YxoUXDyZV2OrPRxHGXvcbn0o=
-8,-15,2oHYuzV6+jeqc0+ZCUndNVPixhI=,UMCl7daExhoU21VsVdESaWNkY38=
-10,-14,2oHYuzV6+jeqc0+ZCUndNVPixhI=,k+2YxoUXDyZV2OrPRxHGXvcbn0o=
-4,-15,2oHYuzV6+jeqc0+ZCUndNVPixhI=,Qo6NctzEXoGgkcGVtE8rbLQ/KaY=
-3,-15,2oHYuzV6+jeqc0+ZCUndNVPixhI=,Qo6NctzEXoGgkcGVtE8rbLQ/KaY=
-5,-14,2oHYuzV6+jeqc0+ZCUndNVPixhI=,UMCl7daExhoU21VsVdESaWNkY38=
-5,-12,2oHYuzV6+jeqc0+ZCUndNVPixhI=,jPVSKKLtQFomEJZiv1qviBgSWy8=
-5,-13,2oHYuzV6+jeqc0+ZCUndNVPixhI=,UMCl7daExhoU21VsVdESaWNkY38=
-3,-12,2oHYuzV6+jeqc0+ZCUndNVPixhI=,4OnIae1ctHIJzNYrvQ9CIB3xMkg=
-5,-15,2oHYuzV6+jeqc0+ZCUndNVPixhI=,UMCl7daExhoU21VsVdESaWNkY38=
-2,-12,2oHYuzV6+jeqc0+ZCUndNVPixhI=,4OnIae1ctHIJzNYrvQ9CIB3xMkg=
-3,-13,2oHYuzV6+jeqc0+ZCUndNVPixhI=,Qo6NctzEXoGgkcGVtE8rbLQ/KaY=
-3,-14,2oHYuzV6+jeqc0+ZCUndNVPixhI=,Qo6NctzEXoGgkcGVtE8rbLQ/KaY=
-4,-14,2oHYuzV6+jeqc0+ZCUndNVPixhI=,Qo6NctzEXoGgkcGVtE8rbLQ/KaY=
-4,-13,2oHYuzV6+jeqc0+ZCUndNVPixhI=,Qo6NctzEXoGgkcGVtE8rbLQ/KaY=
-2,-13,2oHYuzV6+jeqc0+ZCUndNVPixhI=,Qo6NctzEXoGgkcGVtE8rbLQ/KaY=
-2,-15,2oHYuzV6+jeqc0+ZCUndNVPixhI=,Qo6NctzEXoGgkcGVtE8rbLQ/KaY=
-2,-14,2oHYuzV6+jeqc0+ZCUndNVPixhI=,Qo6NctzEXoGgkcGVtE8rbLQ/KaY=
-4,-12,2oHYuzV6+jeqc0+ZCUndNVPixhI=,4OnIae1ctHIJzNYrvQ9CIB3xMkg=
-11,-16,2oHYuzV6+jeqc0+ZCUndNVPixhI=,k+2YxoUXDyZV2OrPRxHGXvcbn0o=
-10,-16,2oHYuzV6+jeqc0+ZCUndNVPixhI=,k+2YxoUXDyZV2OrPRxHGXvcbn0o=
-16,-6,2oHYuzV6+jeqc0+ZCUndNVPixhI=,U0bDLpT9hBFzUwTJ2SWzTULrtnk=
-16,-7,2oHYuzV6+jeqc0+ZCUndNVPixhI=,U0bDLpT9hBFzUwTJ2SWzTULrtnk=
-8,-13,2oHYuzV6+jeqc0+ZCUndNVPixhI=,UMCl7daExhoU21VsVdESaWNkY38=
-9,-12,2oHYuzV6+jeqc0+ZCUndNVPixhI=,VEfgct/xHKhbUAtD7+BT4M78GlU=
-9,-8,2oHYuzV6+jeqc0+ZCUndNVPixhI=,r95HG/yscBp696OtuVvFMTuOpXI=
-8,-8,2oHYuzV6+jeqc0+ZCUndNVPixhI=,JYHYamIaO8K/XbSWO6kXyJBqFTI=
-10,-12,2oHYuzV6+jeqc0+ZCUndNVPixhI=,VEfgct/xHKhbUAtD7+BT4M78GlU=
-8,-10,2oHYuzV6+jeqc0+ZCUndNVPixhI=,jPVSKKLtQFomEJZiv1qviBgSWy8=
-11,-11,2oHYuzV6+jeqc0+ZCUndNVPixhI=,VEfgct/xHKhbUAtD7+BT4M78GlU=
-9,-9,2oHYuzV6+jeqc0+ZCUndNVPixhI=,VEfgct/xHKhbUAtD7+BT4M78GlU=
-11,-12,2oHYuzV6+jeqc0+ZCUndNVPixhI=,VEfgct/xHKhbUAtD7+BT4M78GlU=
-10,-8,2oHYuzV6+jeqc0+ZCUndNVPixhI=,r95HG/yscBp696OtuVvFMTuOpXI=
-8,-11,2oHYuzV6+jeqc0+ZCUndNVPixhI=,jPVSKKLtQFomEJZiv1qviBgSWy8=
-10,-9,2oHYuzV6+jeqc0+ZCUndNVPixhI=,VEfgct/xHKhbUAtD7+BT4M78GlU=
-11,-13,2oHYuzV6+jeqc0+ZCUndNVPixhI=,k+2YxoUXDyZV2OrPRxHGXvcbn0o=
-9,-10,2oHYuzV6+jeqc0+ZCUndNVPixhI=,VEfgct/xHKhbUAtD7+BT4M78GlU=
-11,-8,2oHYuzV6+jeqc0+ZCUndNVPixhI=,r95HG/yscBp696OtuVvFMTuOpXI=
-11,-9,2oHYuzV6+jeqc0+ZCUndNVPixhI=,VEfgct/xHKhbUAtD7+BT4M78GlU=
-10,-11,2oHYuzV6+jeqc0+ZCUndNVPixhI=,VEfgct/xHKhbUAtD7+BT4M78GlU=
-8,-12,2oHYuzV6+jeqc0+ZCUndNVPixhI=,jPVSKKLtQFomEJZiv1qviBgSWy8=
-9,-13,2oHYuzV6+jeqc0+ZCUndNVPixhI=,k+2YxoUXDyZV2OrPRxHGXvcbn0o=
-10,-10,2oHYuzV6+jeqc0+ZCUndNVPixhI=,VEfgct/xHKhbUAtD7+BT4M78GlU=
-11,-10,2oHYuzV6+jeqc0+ZCUndNVPixhI=,VEfgct/xHKhbUAtD7+BT4M78GlU=
-9,-11,2oHYuzV6+jeqc0+ZCUndNVPixhI=,VEfgct/xHKhbUAtD7+BT4M78GlU=
-10,-13,2oHYuzV6+jeqc0+ZCUndNVPixhI=,k+2YxoUXDyZV2OrPRxHGXvcbn0o=
-8,-9,2oHYuzV6+jeqc0+ZCUndNVPixhI=,jPVSKKLtQFomEJZiv1qviBgSWy8=
-13,-16,2oHYuzV6+jeqc0+ZCUndNVPixhI=,XFM34ALWxRKGeRYLJmLQ53UK+mY=
-14,-16,2oHYuzV6+jeqc0+ZCUndNVPixhI=,XFM34ALWxRKGeRYLJmLQ53UK+mY=
-15,-16,2oHYuzV6+jeqc0+ZCUndNVPixhI=,XFM34ALWxRKGeRYLJmLQ53UK+mY=
-12,-15,2oHYuzV6+jeqc0+ZCUndNVPixhI=,k+2YxoUXDyZV2OrPRxHGXvcbn0o=
-12,-16,2oHYuzV6+jeqc0+ZCUndNVPixhI=,k+2YxoUXDyZV2OrPRxHGXvcbn0o=
-16,-15,2oHYuzV6+jeqc0+ZCUndNVPixhI=,XFM34ALWxRKGeRYLJmLQ53UK+mY=
-13,-15,2oHYuzV6+jeqc0+ZCUndNVPixhI=,XFM34ALWxRKGeRYLJmLQ53UK+mY=
-15,-15,2oHYuzV6+jeqc0+ZCUndNVPixhI=,XFM34ALWxRKGeRYLJmLQ53UK+mY=
-14,-15,2oHYuzV6+jeqc0+ZCUndNVPixhI=,XFM34ALWxRKGeRYLJmLQ53UK+mY=
-14,-14,2oHYuzV6+jeqc0+ZCUndNVPixhI=,XFM34ALWxRKGeRYLJmLQ53UK+mY=
-15,-14,2oHYuzV6+jeqc0+ZCUndNVPixhI=,XFM34ALWxRKGeRYLJmLQ53UK+mY=
-13,-14,2oHYuzV6+jeqc0+ZCUndNVPixhI=,XFM34ALWxRKGeRYLJmLQ53UK+mY=
-12,-14,2oHYuzV6+jeqc0+ZCUndNVPixhI=,k+2YxoUXDyZV2OrPRxHGXvcbn0o=
-16,-14,2oHYuzV6+jeqc0+ZCUndNVPixhI=,XFM34ALWxRKGeRYLJmLQ53UK+mY=
-16,-9,2oHYuzV6+jeqc0+ZCUndNVPixhI=,Ew6X487k2xBy2cTBqKGkhgt4NDI=
-15,-12,2oHYuzV6+jeqc0+ZCUndNVPixhI=,Ew6X487k2xBy2cTBqKGkhgt4NDI=
-13,-12,2oHYuzV6+jeqc0+ZCUndNVPixhI=,Ew6X487k2xBy2cTBqKGkhgt4NDI=
-16,-12,2oHYuzV6+jeqc0+ZCUndNVPixhI=,Ew6X487k2xBy2cTBqKGkhgt4NDI=
-13,-10,2oHYuzV6+jeqc0+ZCUndNVPixhI=,Ew6X487k2xBy2cTBqKGkhgt4NDI=
-14,-12,2oHYuzV6+jeqc0+ZCUndNVPixhI=,Ew6X487k2xBy2cTBqKGkhgt4NDI=
-15,-9,2oHYuzV6+jeqc0+ZCUndNVPixhI=,Ew6X487k2xBy2cTBqKGkhgt4NDI=
-14,-9,2oHYuzV6+jeqc0+ZCUndNVPixhI=,Ew6X487k2xBy2cTBqKGkhgt4NDI=
-14,-10,2oHYuzV6+jeqc0+ZCUndNVPixhI=,Ew6X487k2xBy2cTBqKGkhgt4NDI=
-13,-11,2oHYuzV6+jeqc0+ZCUndNVPixhI=,Ew6X487k2xBy2cTBqKGkhgt4NDI=
-15,-10,2oHYuzV6+jeqc0+ZCUndNVPixhI=,Ew6X487k2xBy2cTBqKGkhgt4NDI=
-16,-10,2oHYuzV6+jeqc0+ZCUndNVPixhI=,Ew6X487k2xBy2cTBqKGkhgt4NDI=
-13,-8,2oHYuzV6+jeqc0+ZCUndNVPixhI=,U0bDLpT9hBFzUwTJ2SWzTULrtnk=
-14,-8,2oHYuzV6+jeqc0+ZCUndNVPixhI=,U0bDLpT9hBFzUwTJ2SWzTULrtnk=
-13,-13,2oHYuzV6+jeqc0+ZCUndNVPixhI=,XFM34ALWxRKGeRYLJmLQ53UK+mY=
-12,-11,2oHYuzV6+jeqc0+ZCUndNVPixhI=,VEfgct/xHKhbUAtD7+BT4M78GlU=
-14,-13,2oHYuzV6+jeqc0+ZCUndNVPixhI=,XFM34ALWxRKGeRYLJmLQ53UK+mY=
-14,-11,2oHYuzV6+jeqc0+ZCUndNVPixhI=,Ew6X487k2xBy2cTBqKGkhgt4NDI=
-12,-13,2oHYuzV6+jeqc0+ZCUndNVPixhI=,k+2YxoUXDyZV2OrPRxHGXvcbn0o=
-15,-8,2oHYuzV6+jeqc0+ZCUndNVPixhI=,U0bDLpT9hBFzUwTJ2SWzTULrtnk=
-16,-8,2oHYuzV6+jeqc0+ZCUndNVPixhI=,U0bDLpT9hBFzUwTJ2SWzTULrtnk=
-13,-9,2oHYuzV6+jeqc0+ZCUndNVPixhI=,Ew6X487k2xBy2cTBqKGkhgt4NDI=
-15,-13,2oHYuzV6+jeqc0+ZCUndNVPixhI=,XFM34ALWxRKGeRYLJmLQ53UK+mY=
-16,-13,2oHYuzV6+jeqc0+ZCUndNVPixhI=,XFM34ALWxRKGeRYLJmLQ53UK+mY=
-15,-11,2oHYuzV6+jeqc0+ZCUndNVPixhI=,Ew6X487k2xBy2cTBqKGkhgt4NDI=
-12,-12,2oHYuzV6+jeqc0+ZCUndNVPixhI=,VEfgct/xHKhbUAtD7+BT4M78GlU=
-12,-9,2oHYuzV6+jeqc0+ZCUndNVPixhI=,VEfgct/xHKhbUAtD7+BT4M78GlU=
-16,-11,2oHYuzV6+jeqc0+ZCUndNVPixhI=,Ew6X487k2xBy2cTBqKGkhgt4NDI=
-12,-10,2oHYuzV6+jeqc0+ZCUndNVPixhI=,VEfgct/xHKhbUAtD7+BT4M78GlU=
-12,-8,2oHYuzV6+jeqc0+ZCUndNVPixhI=,r95HG/yscBp696OtuVvFMTuOpXI=
-7,-1,2oHYuzV6+jeqc0+ZCUndNVPixhI=,LuaoUJujmYXbDXP19cMYPNxQG5E=
-6,-1,2oHYuzV6+jeqc0+ZCUndNVPixhI=,LuaoUJujmYXbDXP19cMYPNxQG5E=
-5,-1,2oHYuzV6+jeqc0+ZCUndNVPixhI=,LuaoUJujmYXbDXP19cMYPNxQG5E=
-3,-1,2oHYuzV6+jeqc0+ZCUndNVPixhI=,wQNsO8D3+O3RH/UrjUiFOzu1Sz0=
-4,-1,2oHYuzV6+jeqc0+ZCUndNVPixhI=,wQNsO8D3+O3RH/UrjUiFOzu1Sz0=
-2,-1,2oHYuzV6+jeqc0+ZCUndNVPixhI=,wQNsO8D3+O3RH/UrjUiFOzu1Sz0=
-1,-3,2oHYuzV6+jeqc0+ZCUndNVPixhI=,wQNsO8D3+O3RH/UrjUiFOzu1Sz0=
-1,-2,2oHYuzV6+jeqc0+ZCUndNVPixhI=,wQNsO8D3+O3RH/UrjUiFOzu1Sz0=
-1,-6,2oHYuzV6+jeqc0+ZCUndNVPixhI=,JOXUeAesntFhyw6ib/YVATgd3XU=
-1,-4,2oHYuzV6+jeqc0+ZCUndNVPixhI=,wQNsO8D3+O3RH/UrjUiFOzu1Sz0=
-1,-7,2oHYuzV6+jeqc0+ZCUndNVPixhI=,JOXUeAesntFhyw6ib/YVATgd3XU=
-1,-5,2oHYuzV6+jeqc0+ZCUndNVPixhI=,JOXUeAesntFhyw6ib/YVATgd3XU=
-1,-9,2oHYuzV6+jeqc0+ZCUndNVPixhI=,4OnIae1ctHIJzNYrvQ9CIB3xMkg=
-1,-11,2oHYuzV6+jeqc0+ZCUndNVPixhI=,4OnIae1ctHIJzNYrvQ9CIB3xMkg=
-1,-8,2oHYuzV6+jeqc0+ZCUndNVPixhI=,JOXUeAesntFhyw6ib/YVATgd3XU=
-1,-10,2oHYuzV6+jeqc0+ZCUndNVPixhI=,4OnIae1ctHIJzNYrvQ9CIB3xMkg=
-3,-16,2oHYuzV6+jeqc0+ZCUndNVPixhI=,Qo6NctzEXoGgkcGVtE8rbLQ/KaY=
-4,-16,2oHYuzV6+jeqc0+ZCUndNVPixhI=,Qo6NctzEXoGgkcGVtE8rbLQ/KaY=
-8,-16,2oHYuzV6+jeqc0+ZCUndNVPixhI=,UMCl7daExhoU21VsVdESaWNkY38=
-7,-16,2oHYuzV6+jeqc0+ZCUndNVPixhI=,UMCl7daExhoU21VsVdESaWNkY38=
-9,-16,2oHYuzV6+jeqc0+ZCUndNVPixhI=,k+2YxoUXDyZV2OrPRxHGXvcbn0o=
-6,-16,2oHYuzV6+jeqc0+ZCUndNVPixhI=,UMCl7daExhoU21VsVdESaWNkY38=
-5,-16,2oHYuzV6+jeqc0+ZCUndNVPixhI=,UMCl7daExhoU21VsVdESaWNkY38=
-2,-16,2oHYuzV6+jeqc0+ZCUndNVPixhI=,Qo6NctzEXoGgkcGVtE8rbLQ/KaY=
-1,-12,2oHYuzV6+jeqc0+ZCUndNVPixhI=,4OnIae1ctHIJzNYrvQ9CIB3xMkg=
-1,-14,2oHYuzV6+jeqc0+ZCUndNVPixhI=,Qo6NctzEXoGgkcGVtE8rbLQ/KaY=
-1,-13,2oHYuzV6+jeqc0+ZCUndNVPixhI=,Qo6NctzEXoGgkcGVtE8rbLQ/KaY=
-1,-15,2oHYuzV6+jeqc0+ZCUndNVPixhI=,Qo6NctzEXoGgkcGVtE8rbLQ/KaY=
-1,-16,2oHYuzV6+jeqc0+ZCUndNVPixhI=,Qo6NctzEXoGgkcGVtE8rbLQ/KaY=
-16,-16,2oHYuzV6+jeqc0+ZCUndNVPixhI=,XFM34ALWxRKGeRYLJmLQ53UK+mY=
-1,-1,2oHYuzV6+jeqc0+ZCUndNVPixhI=,wQNsO8D3+O3RH/UrjUiFOzu1Sz0=
-15,-4,2oHYuzV6+jeqc0+ZCUndNVPixhI=,ENE9u6cidVnxwFEXPdsrU9uvt18=
-14,-4,2oHYuzV6+jeqc0+ZCUndNVPixhI=,ENE9u6cidVnxwFEXPdsrU9uvt18=
-16,-4,2oHYuzV6+jeqc0+ZCUndNVPixhI=,ENE9u6cidVnxwFEXPdsrU9uvt18=
-16,-3,2oHYuzV6+jeqc0+ZCUndNVPixhI=,ENE9u6cidVnxwFEXPdsrU9uvt18=
-15,-5,2oHYuzV6+jeqc0+ZCUndNVPixhI=,U0bDLpT9hBFzUwTJ2SWzTULrtnk=
-14,-5,2oHYuzV6+jeqc0+ZCUndNVPixhI=,U0bDLpT9hBFzUwTJ2SWzTULrtnk=
-14,-2,2oHYuzV6+jeqc0+ZCUndNVPixhI=,ENE9u6cidVnxwFEXPdsrU9uvt18=
-16,-2,2oHYuzV6+jeqc0+ZCUndNVPixhI=,ENE9u6cidVnxwFEXPdsrU9uvt18=
-15,-2,2oHYuzV6+jeqc0+ZCUndNVPixhI=,ENE9u6cidVnxwFEXPdsrU9uvt18=
-15,-3,2oHYuzV6+jeqc0+ZCUndNVPixhI=,ENE9u6cidVnxwFEXPdsrU9uvt18=
-16,-5,2oHYuzV6+jeqc0+ZCUndNVPixhI=,U0bDLpT9hBFzUwTJ2SWzTULrtnk=
-14,-3,2oHYuzV6+jeqc0+ZCUndNVPixhI=,ENE9u6cidVnxwFEXPdsrU9uvt18=
-15,-1,2oHYuzV6+jeqc0+ZCUndNVPixhI=,ENE9u6cidVnxwFEXPdsrU9uvt18=
-16,-1,2oHYuzV6+jeqc0+ZCUndNVPixhI=,ENE9u6cidVnxwFEXPdsrU9uvt18=
-14,-1,2oHYuzV6+jeqc0+ZCUndNVPixhI=,ENE9u6cidVnxwFEXPdsrU9uvt18=
-12,-5,2oHYuzV6+jeqc0+ZCUndNVPixhI=,r95HG/yscBp696OtuVvFMTuOpXI=
-9,-2,2oHYuzV6+jeqc0+ZCUndNVPixhI=,wNy1E2U5asj97fdRfT40ZF2DBko=
-10,-2,2oHYuzV6+jeqc0+ZCUndNVPixhI=,wNy1E2U5asj97fdRfT40ZF2DBko=
-13,-2,2oHYuzV6+jeqc0+ZCUndNVPixhI=,ENE9u6cidVnxwFEXPdsrU9uvt18=
-13,-1,2oHYuzV6+jeqc0+ZCUndNVPixhI=,ENE9u6cidVnxwFEXPdsrU9uvt18=
-8,-1,2oHYuzV6+jeqc0+ZCUndNVPixhI=,LuaoUJujmYXbDXP19cMYPNxQG5E=
-13,-4,2oHYuzV6+jeqc0+ZCUndNVPixhI=,ENE9u6cidVnxwFEXPdsrU9uvt18=
-8,-4,2oHYuzV6+jeqc0+ZCUndNVPixhI=,LuaoUJujmYXbDXP19cMYPNxQG5E=
-12,-2,2oHYuzV6+jeqc0+ZCUndNVPixhI=,wNy1E2U5asj97fdRfT40ZF2DBko=
-11,-2,2oHYuzV6+jeqc0+ZCUndNVPixhI=,wNy1E2U5asj97fdRfT40ZF2DBko=
-10,-3,2oHYuzV6+jeqc0+ZCUndNVPixhI=,wNy1E2U5asj97fdRfT40ZF2DBko=
-8,-3,2oHYuzV6+jeqc0+ZCUndNVPixhI=,LuaoUJujmYXbDXP19cMYPNxQG5E=
-11,-3,2oHYuzV6+jeqc0+ZCUndNVPixhI=,wNy1E2U5asj97fdRfT40ZF2DBko=
-9,-3,2oHYuzV6+jeqc0+ZCUndNVPixhI=,wNy1E2U5asj97fdRfT40ZF2DBko=
-12,-3,2oHYuzV6+jeqc0+ZCUndNVPixhI=,wNy1E2U5asj97fdRfT40ZF2DBko=
-10,-4,2oHYuzV6+jeqc0+ZCUndNVPixhI=,wNy1E2U5asj97fdRfT40ZF2DBko=
-8,-2,2oHYuzV6+jeqc0+ZCUndNVPixhI=,LuaoUJujmYXbDXP19cMYPNxQG5E=
-8,-5,2oHYuzV6+jeqc0+ZCUndNVPixhI=,JYHYamIaO8K/XbSWO6kXyJBqFTI=
-9,-4,2oHYuzV6+jeqc0+ZCUndNVPixhI=,wNy1E2U5asj97fdRfT40ZF2DBko=
-11,-5,2oHYuzV6+jeqc0+ZCUndNVPixhI=,r95HG/yscBp696OtuVvFMTuOpXI=
-12,-4,2oHYuzV6+jeqc0+ZCUndNVPixhI=,wNy1E2U5asj97fdRfT40ZF2DBko=
-11,-4,2oHYuzV6+jeqc0+ZCUndNVPixhI=,wNy1E2U5asj97fdRfT40ZF2DBko=
-13,-5,2oHYuzV6+jeqc0+ZCUndNVPixhI=,U0bDLpT9hBFzUwTJ2SWzTULrtnk=
-10,-1,2oHYuzV6+jeqc0+ZCUndNVPixhI=,wNy1E2U5asj97fdRfT40ZF2DBko=
-9,-1,2oHYuzV6+jeqc0+ZCUndNVPixhI=,wNy1E2U5asj97fdRfT40ZF2DBko=
-11,-1,2oHYuzV6+jeqc0+ZCUndNVPixhI=,wNy1E2U5asj97fdRfT40ZF2DBko=
-12,-1,2oHYuzV6+jeqc0+ZCUndNVPixhI=,wNy1E2U5asj97fdRfT40ZF2DBko=
-13,-3,2oHYuzV6+jeqc0+ZCUndNVPixhI=,ENE9u6cidVnxwFEXPdsrU9uvt18=
-9,-5,2oHYuzV6+jeqc0+ZCUndNVPixhI=,r95HG/yscBp696OtuVvFMTuOpXI=
-10,-5,2oHYuzV6+jeqc0+ZCUndNVPixhI=,r95HG/yscBp696OtuVvFMTuOpXI=
-6,-22,2oHYuzV6+jeqc0+ZCUndNVPixhI=,bDs0HeoTqI5M3lb12TtWk+8Hp+0=
-7,-23,2oHYuzV6+jeqc0+ZCUndNVPixhI=,bDs0HeoTqI5M3lb12TtWk+8Hp+0=
-7,-22,2oHYuzV6+jeqc0+ZCUndNVPixhI=,bDs0HeoTqI5M3lb12TtWk+8Hp+0=
-6,-23,2oHYuzV6+jeqc0+ZCUndNVPixhI=,bDs0HeoTqI5M3lb12TtWk+8Hp+0=
-6,-27,2oHYuzV6+jeqc0+ZCUndNVPixhI=,cJrrW9TNL4h3KqGKq3f8k+ufJCo=
-7,-24,dJr5NTrRJ8hOI0NA5a/AqlpowhQ=,bDs0HeoTqI5M3lb12TtWk+8Hp+0=
-6,-26,dJr5NTrRJ8hOI0NA5a/AqlpowhQ=,cJrrW9TNL4h3KqGKq3f8k+ufJCo=
-7,-27,dJr5NTrRJ8hOI0NA5a/AqlpowhQ=,cJrrW9TNL4h3KqGKq3f8k+ufJCo=
-7,-26,dJr5NTrRJ8hOI0NA5a/AqlpowhQ=,cJrrW9TNL4h3KqGKq3f8k+ufJCo=
-6,-24,dJr5NTrRJ8hOI0NA5a/AqlpowhQ=,bDs0HeoTqI5M3lb12TtWk+8Hp+0=
-7,-25,dJr5NTrRJ8hOI0NA5a/AqlpowhQ=,cJrrW9TNL4h3KqGKq3f8k+ufJCo=
-6,-25,dJr5NTrRJ8hOI0NA5a/AqlpowhQ=,cJrrW9TNL4h3KqGKq3f8k+ufJCo=
-3,-31,dJr5NTrRJ8hOI0NA5a/AqlpowhQ=,fyOEAB+YGV+DLW6PHyvUyeLlFUw=
-2,-31,dJr5NTrRJ8hOI0NA5a/AqlpowhQ=,fyOEAB+YGV+DLW6PHyvUyeLlFUw=
-3,-30,dJr5NTrRJ8hOI0NA5a/AqlpowhQ=,fyOEAB+YGV+DLW6PHyvUyeLlFUw=
-2,-30,dJr5NTrRJ8hOI0NA5a/AqlpowhQ=,fyOEAB+YGV+DLW6PHyvUyeLlFUw=
-4,-22,dJr5NTrRJ8hOI0NA5a/AqlpowhQ=,y9p2+piVlchuXky0wjfz5/kdYes=
-5,-22,dJr5NTrRJ8hOI0NA5a/AqlpowhQ=,bDs0HeoTqI5M3lb12TtWk+8Hp+0=
-5,-23,dJr5NTrRJ8hOI0NA5a/AqlpowhQ=,bDs0HeoTqI5M3lb12TtWk+8Hp+0=
-7,-21,dJr5NTrRJ8hOI0NA5a/AqlpowhQ=,bDs0HeoTqI5M3lb12TtWk+8Hp+0=
-3,-22,dJr5NTrRJ8hOI0NA5a/AqlpowhQ=,y9p2+piVlchuXky0wjfz5/kdYes=
-6,-21,dJr5NTrRJ8hOI0NA5a/AqlpowhQ=,bDs0HeoTqI5M3lb12TtWk+8Hp+0=
-4,-23,dJr5NTrRJ8hOI0NA5a/AqlpowhQ=,y9p2+piVlchuXky0wjfz5/kdYes=
-2,-22,dJr5NTrRJ8hOI0NA5a/AqlpowhQ=,y9p2+piVlchuXky0wjfz5/kdYes=
-3,-23,dJr5NTrRJ8hOI0NA5a/AqlpowhQ=,y9p2+piVlchuXky0wjfz5/kdYes=
-2,-23,dJr5NTrRJ8hOI0NA5a/AqlpowhQ=,y9p2+piVlchuXky0wjfz5/kdYes=
-4,-20,dJr5NTrRJ8hOI0NA5a/AqlpowhQ=,S/8U77DWnH9zfKLlkN4qDrI7K9A=
-4,-18,dJr5NTrRJ8hOI0NA5a/AqlpowhQ=,S/8U77DWnH9zfKLlkN4qDrI7K9A=
-4,-21,dJr5NTrRJ8hOI0NA5a/AqlpowhQ=,y9p2+piVlchuXky0wjfz5/kdYes=
-5,-21,dJr5NTrRJ8hOI0NA5a/AqlpowhQ=,bDs0HeoTqI5M3lb12TtWk+8Hp+0=
-4,-19,dJr5NTrRJ8hOI0NA5a/AqlpowhQ=,S/8U77DWnH9zfKLlkN4qDrI7K9A=
-3,-19,dJr5NTrRJ8hOI0NA5a/AqlpowhQ=,S/8U77DWnH9zfKLlkN4qDrI7K9A=
-3,-18,dJr5NTrRJ8hOI0NA5a/AqlpowhQ=,S/8U77DWnH9zfKLlkN4qDrI7K9A=
-3,-21,dJr5NTrRJ8hOI0NA5a/AqlpowhQ=,y9p2+piVlchuXky0wjfz5/kdYes=
-3,-20,dJr5NTrRJ8hOI0NA5a/AqlpowhQ=,S/8U77DWnH9zfKLlkN4qDrI7K9A=
-2,-19,dJr5NTrRJ8hOI0NA5a/AqlpowhQ=,S/8U77DWnH9zfKLlkN4qDrI7K9A=
-2,-20,dJr5NTrRJ8hOI0NA5a/AqlpowhQ=,S/8U77DWnH9zfKLlkN4qDrI7K9A=
-2,-21,dJr5NTrRJ8hOI0NA5a/AqlpowhQ=,y9p2+piVlchuXky0wjfz5/kdYes=
-2,-18,dJr5NTrRJ8hOI0NA5a/AqlpowhQ=,S/8U77DWnH9zfKLlkN4qDrI7K9A=
-3,-28,dJr5NTrRJ8hOI0NA5a/AqlpowhQ=,UElH6Kj8XQhr9t3dwl2F8ZIfLDw=
-2,-29,dJr5NTrRJ8hOI0NA5a/AqlpowhQ=,fyOEAB+YGV+DLW6PHyvUyeLlFUw=
-5,-27,dJr5NTrRJ8hOI0NA5a/AqlpowhQ=,cJrrW9TNL4h3KqGKq3f8k+ufJCo=
-5,-26,dJr5NTrRJ8hOI0NA5a/AqlpowhQ=,cJrrW9TNL4h3KqGKq3f8k+ufJCo=
-3,-26,dJr5NTrRJ8hOI0NA5a/AqlpowhQ=,UElH6Kj8XQhr9t3dwl2F8ZIfLDw=
-5,-24,dJr5NTrRJ8hOI0NA5a/AqlpowhQ=,bDs0HeoTqI5M3lb12TtWk+8Hp+0=
-4,-24,dJr5NTrRJ8hOI0NA5a/AqlpowhQ=,y9p2+piVlchuXky0wjfz5/kdYes=
-3,-29,dJr5NTrRJ8hOI0NA5a/AqlpowhQ=,fyOEAB+YGV+DLW6PHyvUyeLlFUw=
-3,-24,dJr5NTrRJ8hOI0NA5a/AqlpowhQ=,y9p2+piVlchuXky0wjfz5/kdYes=
-4,-26,dJr5NTrRJ8hOI0NA5a/AqlpowhQ=,UElH6Kj8XQhr9t3dwl2F8ZIfLDw=
-1,-25,dJr5NTrRJ8hOI0NA5a/AqlpowhQ=,UElH6Kj8XQhr9t3dwl2F8ZIfLDw=
-2,-24,dJr5NTrRJ8hOI0NA5a/AqlpowhQ=,y9p2+piVlchuXky0wjfz5/kdYes=
-5,-25,dJr5NTrRJ8hOI0NA5a/AqlpowhQ=,cJrrW9TNL4h3KqGKq3f8k+ufJCo=
-3,-27,dJr5NTrRJ8hOI0NA5a/AqlpowhQ=,UElH6Kj8XQhr9t3dwl2F8ZIfLDw=
-1,-26,dJr5NTrRJ8hOI0NA5a/AqlpowhQ=,UElH6Kj8XQhr9t3dwl2F8ZIfLDw=
-1,-27,dJr5NTrRJ8hOI0NA5a/AqlpowhQ=,UElH6Kj8XQhr9t3dwl2F8ZIfLDw=
-4,-27,dJr5NTrRJ8hOI0NA5a/AqlpowhQ=,UElH6Kj8XQhr9t3dwl2F8ZIfLDw=
-2,-27,dJr5NTrRJ8hOI0NA5a/AqlpowhQ=,UElH6Kj8XQhr9t3dwl2F8ZIfLDw=
-4,-31,dJr5NTrRJ8hOI0NA5a/AqlpowhQ=,fyOEAB+YGV+DLW6PHyvUyeLlFUw=
-4,-30,dJr5NTrRJ8hOI0NA5a/AqlpowhQ=,fyOEAB+YGV+DLW6PHyvUyeLlFUw=
-4,-29,dJr5NTrRJ8hOI0NA5a/AqlpowhQ=,fyOEAB+YGV+DLW6PHyvUyeLlFUw=
-7,-28,dJr5NTrRJ8hOI0NA5a/AqlpowhQ=,cJrrW9TNL4h3KqGKq3f8k+ufJCo=
-4,-28,dJr5NTrRJ8hOI0NA5a/AqlpowhQ=,UElH6Kj8XQhr9t3dwl2F8ZIfLDw=
-6,-28,dJr5NTrRJ8hOI0NA5a/AqlpowhQ=,cJrrW9TNL4h3KqGKq3f8k+ufJCo=
-5,-28,dJr5NTrRJ8hOI0NA5a/AqlpowhQ=,cJrrW9TNL4h3KqGKq3f8k+ufJCo=
-2,-28,dJr5NTrRJ8hOI0NA5a/AqlpowhQ=,UElH6Kj8XQhr9t3dwl2F8ZIfLDw=
-2,-26,dJr5NTrRJ8hOI0NA5a/AqlpowhQ=,UElH6Kj8XQhr9t3dwl2F8ZIfLDw=
-2,-25,dJr5NTrRJ8hOI0NA5a/AqlpowhQ=,UElH6Kj8XQhr9t3dwl2F8ZIfLDw=
-4,-17,dJr5NTrRJ8hOI0NA5a/AqlpowhQ=,S/8U77DWnH9zfKLlkN4qDrI7K9A=
-3,-17,dJr5NTrRJ8hOI0NA5a/AqlpowhQ=,S/8U77DWnH9zfKLlkN4qDrI7K9A=
-1,-22,dJr5NTrRJ8hOI0NA5a/AqlpowhQ=,y9p2+piVlchuXky0wjfz5/kdYes=
-4,-25,dJr5NTrRJ8hOI0NA5a/AqlpowhQ=,UElH6Kj8XQhr9t3dwl2F8ZIfLDw=
-1,-24,dJr5NTrRJ8hOI0NA5a/AqlpowhQ=,y9p2+piVlchuXky0wjfz5/kdYes=
-3,-25,dJr5NTrRJ8hOI0NA5a/AqlpowhQ=,UElH6Kj8XQhr9t3dwl2F8ZIfLDw=
-2,-17,dJr5NTrRJ8hOI0NA5a/AqlpowhQ=,S/8U77DWnH9zfKLlkN4qDrI7K9A=
-8,-22,dJr5NTrRJ8hOI0NA5a/AqlpowhQ=,bDs0HeoTqI5M3lb12TtWk+8Hp+0=
-1,-17,dJr5NTrRJ8hOI0NA5a/AqlpowhQ=,S/8U77DWnH9zfKLlkN4qDrI7K9A=
-1,-19,dJr5NTrRJ8hOI0NA5a/AqlpowhQ=,S/8U77DWnH9zfKLlkN4qDrI7K9A=
-8,-23,dJr5NTrRJ8hOI0NA5a/AqlpowhQ=,bDs0HeoTqI5M3lb12TtWk+8Hp+0=
-1,-20,dJr5NTrRJ8hOI0NA5a/AqlpowhQ=,S/8U77DWnH9zfKLlkN4qDrI7K9A=
-1,-18,dJr5NTrRJ8hOI0NA5a/AqlpowhQ=,S/8U77DWnH9zfKLlkN4qDrI7K9A=
-1,-23,dJr5NTrRJ8hOI0NA5a/AqlpowhQ=,y9p2+piVlchuXky0wjfz5/kdYes=
-1,-21,dJr5NTrRJ8hOI0NA5a/AqlpowhQ=,y9p2+piVlchuXky0wjfz5/kdYes=
-15,-19,dJr5NTrRJ8hOI0NA5a/AqlpowhQ=,ByOYYeuOO3V4hkLvxG5JtUNsKG4=
-14,-19,dJr5NTrRJ8hOI0NA5a/AqlpowhQ=,ByOYYeuOO3V4hkLvxG5JtUNsKG4=
-15,-18,dJr5NTrRJ8hOI0NA5a/AqlpowhQ=,ByOYYeuOO3V4hkLvxG5JtUNsKG4=
-15,-20,dJr5NTrRJ8hOI0NA5a/AqlpowhQ=,ByOYYeuOO3V4hkLvxG5JtUNsKG4=
-14,-20,dJr5NTrRJ8hOI0NA5a/AqlpowhQ=,ByOYYeuOO3V4hkLvxG5JtUNsKG4=
-14,-18,dJr5NTrRJ8hOI0NA5a/AqlpowhQ=,ByOYYeuOO3V4hkLvxG5JtUNsKG4=
-8,-21,dJr5NTrRJ8hOI0NA5a/AqlpowhQ=,bDs0HeoTqI5M3lb12TtWk+8Hp+0=
-13,-19,dJr5NTrRJ8hOI0NA5a/AqlpowhQ=,ByOYYeuOO3V4hkLvxG5JtUNsKG4=
-13,-20,dJr5NTrRJ8hOI0NA5a/AqlpowhQ=,ByOYYeuOO3V4hkLvxG5JtUNsKG4=
-13,-18,dJr5NTrRJ8hOI0NA5a/AqlpowhQ=,ByOYYeuOO3V4hkLvxG5JtUNsKG4=
-1,-29,dJr5NTrRJ8hOI0NA5a/AqlpowhQ=,fyOEAB+YGV+DLW6PHyvUyeLlFUw=
-1,-28,dJr5NTrRJ8hOI0NA5a/AqlpowhQ=,UElH6Kj8XQhr9t3dwl2F8ZIfLDw=
-1,-31,dJr5NTrRJ8hOI0NA5a/AqlpowhQ=,fyOEAB+YGV+DLW6PHyvUyeLlFUw=
-3,-32,dJr5NTrRJ8hOI0NA5a/AqlpowhQ=,fyOEAB+YGV+DLW6PHyvUyeLlFUw=
-1,-30,dJr5NTrRJ8hOI0NA5a/AqlpowhQ=,fyOEAB+YGV+DLW6PHyvUyeLlFUw=
-2,-32,dJr5NTrRJ8hOI0NA5a/AqlpowhQ=,fyOEAB+YGV+DLW6PHyvUyeLlFUw=
-16,-19,dJr5NTrRJ8hOI0NA5a/AqlpowhQ=,ByOYYeuOO3V4hkLvxG5JtUNsKG4=
-16,-18,dJr5NTrRJ8hOI0NA5a/AqlpowhQ=,ByOYYeuOO3V4hkLvxG5JtUNsKG4=
-16,-20,dJr5NTrRJ8hOI0NA5a/AqlpowhQ=,ByOYYeuOO3V4hkLvxG5JtUNsKG4=
-1,-32,dJr5NTrRJ8hOI0NA5a/AqlpowhQ=,fyOEAB+YGV+DLW6PHyvUyeLlFUw=
-15,-17,dJr5NTrRJ8hOI0NA5a/AqlpowhQ=,ByOYYeuOO3V4hkLvxG5JtUNsKG4=
-14,-17,dJr5NTrRJ8hOI0NA5a/AqlpowhQ=,ByOYYeuOO3V4hkLvxG5JtUNsKG4=
-13,-17,dJr5NTrRJ8hOI0NA5a/AqlpowhQ=,ByOYYeuOO3V4hkLvxG5JtUNsKG4=
-4,-32,dJr5NTrRJ8hOI0NA5a/AqlpowhQ=,fyOEAB+YGV+DLW6PHyvUyeLlFUw=
-16,-17,dJr5NTrRJ8hOI0NA5a/AqlpowhQ=,ByOYYeuOO3V4hkLvxG5JtUNsKG4=
-16,-32,dJr5NTrRJ8hOI0NA5a/AqlpowhQ=,qLv4EVuB4R3rUnTGq9q7B71meyE=
-14,-32,dJr5NTrRJ8hOI0NA5a/AqlpowhQ=,qLv4EVuB4R3rUnTGq9q7B71meyE=
-13,-32,dJr5NTrRJ8hOI0NA5a/AqlpowhQ=,qLv4EVuB4R3rUnTGq9q7B71meyE=
-15,-32,dJr5NTrRJ8hOI0NA5a/AqlpowhQ=,qLv4EVuB4R3rUnTGq9q7B71meyE=
-16,-31,dJr5NTrRJ8hOI0NA5a/AqlpowhQ=,qLv4EVuB4R3rUnTGq9q7B71meyE=
-15,-31,dJr5NTrRJ8hOI0NA5a/AqlpowhQ=,qLv4EVuB4R3rUnTGq9q7B71meyE=
-14,-31,dJr5NTrRJ8hOI0NA5a/AqlpowhQ=,qLv4EVuB4R3rUnTGq9q7B71meyE=
-13,-31,dJr5NTrRJ8hOI0NA5a/AqlpowhQ=,qLv4EVuB4R3rUnTGq9q7B71meyE=
-13,-30,dJr5NTrRJ8hOI0NA5a/AqlpowhQ=,qLv4EVuB4R3rUnTGq9q7B71meyE=
-14,-30,dJr5NTrRJ8hOI0NA5a/AqlpowhQ=,qLv4EVuB4R3rUnTGq9q7B71meyE=
-16,-30,dJr5NTrRJ8hOI0NA5a/AqlpowhQ=,qLv4EVuB4R3rUnTGq9q7B71meyE=
-15,-30,dJr5NTrRJ8hOI0NA5a/AqlpowhQ=,qLv4EVuB4R3rUnTGq9q7B71meyE=
-11,-25,dJr5NTrRJ8hOI0NA5a/AqlpowhQ=,E2NC5pdonDfgIjYp6YJh30mp0ZU=
-10,-25,dJr5NTrRJ8hOI0NA5a/AqlpowhQ=,E2NC5pdonDfgIjYp6YJh30mp0ZU=
-11,-26,dJr5NTrRJ8hOI0NA5a/AqlpowhQ=,E2NC5pdonDfgIjYp6YJh30mp0ZU=
-8,-25,dJr5NTrRJ8hOI0NA5a/AqlpowhQ=,cJrrW9TNL4h3KqGKq3f8k+ufJCo=
-10,-26,dJr5NTrRJ8hOI0NA5a/AqlpowhQ=,E2NC5pdonDfgIjYp6YJh30mp0ZU=
-9,-26,dJr5NTrRJ8hOI0NA5a/AqlpowhQ=,E2NC5pdonDfgIjYp6YJh30mp0ZU=
-8,-24,dJr5NTrRJ8hOI0NA5a/AqlpowhQ=,bDs0HeoTqI5M3lb12TtWk+8Hp+0=
-9,-27,dJr5NTrRJ8hOI0NA5a/AqlpowhQ=,E2NC5pdonDfgIjYp6YJh30mp0ZU=
-8,-26,dJr5NTrRJ8hOI0NA5a/AqlpowhQ=,cJrrW9TNL4h3KqGKq3f8k+ufJCo=
-8,-28,dJr5NTrRJ8hOI0NA5a/AqlpowhQ=,cJrrW9TNL4h3KqGKq3f8k+ufJCo=
-8,-27,dJr5NTrRJ8hOI0NA5a/AqlpowhQ=,cJrrW9TNL4h3KqGKq3f8k+ufJCo=
-9,-25,dJr5NTrRJ8hOI0NA5a/AqlpowhQ=,E2NC5pdonDfgIjYp6YJh30mp0ZU=
-11,-28,dJr5NTrRJ8hOI0NA5a/AqlpowhQ=,E2NC5pdonDfgIjYp6YJh30mp0ZU=
-10,-27,dJr5NTrRJ8hOI0NA5a/AqlpowhQ=,E2NC5pdonDfgIjYp6YJh30mp0ZU=
-11,-27,dJr5NTrRJ8hOI0NA5a/AqlpowhQ=,E2NC5pdonDfgIjYp6YJh30mp0ZU=
-10,-28,dJr5NTrRJ8hOI0NA5a/AqlpowhQ=,E2NC5pdonDfgIjYp6YJh30mp0ZU=
-9,-28,dJr5NTrRJ8hOI0NA5a/AqlpowhQ=,E2NC5pdonDfgIjYp6YJh30mp0ZU=
-12,-25,dJr5NTrRJ8hOI0NA5a/AqlpowhQ=,E2NC5pdonDfgIjYp6YJh30mp0ZU=
-13,-25,dJr5NTrRJ8hOI0NA5a/AqlpowhQ=,IWnbZtD42NURg9Nr5ddJ9ON5vxo=
-14,-25,dJr5NTrRJ8hOI0NA5a/AqlpowhQ=,IWnbZtD42NURg9Nr5ddJ9ON5vxo=
-12,-26,dJr5NTrRJ8hOI0NA5a/AqlpowhQ=,E2NC5pdonDfgIjYp6YJh30mp0ZU=
-15,-25,dJr5NTrRJ8hOI0NA5a/AqlpowhQ=,IWnbZtD42NURg9Nr5ddJ9ON5vxo=
-13,-26,dJr5NTrRJ8hOI0NA5a/AqlpowhQ=,IWnbZtD42NURg9Nr5ddJ9ON5vxo=
-16,-25,dJr5NTrRJ8hOI0NA5a/AqlpowhQ=,IWnbZtD42NURg9Nr5ddJ9ON5vxo=
-12,-28,dJr5NTrRJ8hOI0NA5a/AqlpowhQ=,E2NC5pdonDfgIjYp6YJh30mp0ZU=
-12,-27,dJr5NTrRJ8hOI0NA5a/AqlpowhQ=,E2NC5pdonDfgIjYp6YJh30mp0ZU=
-14,-26,dJr5NTrRJ8hOI0NA5a/AqlpowhQ=,IWnbZtD42NURg9Nr5ddJ9ON5vxo=
-16,-29,dJr5NTrRJ8hOI0NA5a/AqlpowhQ=,qLv4EVuB4R3rUnTGq9q7B71meyE=
-16,-26,dJr5NTrRJ8hOI0NA5a/AqlpowhQ=,IWnbZtD42NURg9Nr5ddJ9ON5vxo=
-13,-27,dJr5NTrRJ8hOI0NA5a/AqlpowhQ=,IWnbZtD42NURg9Nr5ddJ9ON5vxo=
-14,-27,dJr5NTrRJ8hOI0NA5a/AqlpowhQ=,IWnbZtD42NURg9Nr5ddJ9ON5vxo=
-15,-26,dJr5NTrRJ8hOI0NA5a/AqlpowhQ=,IWnbZtD42NURg9Nr5ddJ9ON5vxo=
-15,-29,dJr5NTrRJ8hOI0NA5a/AqlpowhQ=,qLv4EVuB4R3rUnTGq9q7B71meyE=
-13,-29,dJr5NTrRJ8hOI0NA5a/AqlpowhQ=,qLv4EVuB4R3rUnTGq9q7B71meyE=
-13,-28,dJr5NTrRJ8hOI0NA5a/AqlpowhQ=,IWnbZtD42NURg9Nr5ddJ9ON5vxo=
-15,-27,dJr5NTrRJ8hOI0NA5a/AqlpowhQ=,IWnbZtD42NURg9Nr5ddJ9ON5vxo=
-14,-29,dJr5NTrRJ8hOI0NA5a/AqlpowhQ=,qLv4EVuB4R3rUnTGq9q7B71meyE=
-16,-27,dJr5NTrRJ8hOI0NA5a/AqlpowhQ=,IWnbZtD42NURg9Nr5ddJ9ON5vxo=
-14,-28,dJr5NTrRJ8hOI0NA5a/AqlpowhQ=,IWnbZtD42NURg9Nr5ddJ9ON5vxo=
-16,-28,dJr5NTrRJ8hOI0NA5a/AqlpowhQ=,IWnbZtD42NURg9Nr5ddJ9ON5vxo=
-15,-28,dJr5NTrRJ8hOI0NA5a/AqlpowhQ=,IWnbZtD42NURg9Nr5ddJ9ON5vxo=
-23,-27,7dhSRYwOE+JOQ6PPUIXp9h7WdGc=,xxPFCZa5La6Qv10wgknXFDxsWRg=
-22,-26,7dhSRYwOE+JOQ6PPUIXp9h7WdGc=,xxPFCZa5La6Qv10wgknXFDxsWRg=
-22,-27,Aa+BNBZryGKC7+CNzlqx7T8IY0U=,xxPFCZa5La6Qv10wgknXFDxsWRg=
-23,-26,Aa+BNBZryGKC7+CNzlqx7T8IY0U=,xxPFCZa5La6Qv10wgknXFDxsWRg=
-27,-23,Aa+BNBZryGKC7+CNzlqx7T8IY0U=,ZtSgN5zSzGDBFwAg+tDuolqjeNA=
-26,-23,Aa+BNBZryGKC7+CNzlqx7T8IY0U=,ZtSgN5zSzGDBFwAg+tDuolqjeNA=
-27,-22,Aa+BNBZryGKC7+CNzlqx7T8IY0U=,ZtSgN5zSzGDBFwAg+tDuolqjeNA=
-26,-22,Aa+BNBZryGKC7+CNzlqx7T8IY0U=,ZtSgN5zSzGDBFwAg+tDuolqjeNA=
-21,-26,Aa+BNBZryGKC7+CNzlqx7T8IY0U=,xxPFCZa5La6Qv10wgknXFDxsWRg=
-18,-26,Aa+BNBZryGKC7+CNzlqx7T8IY0U=,ol+oy6WuRhcw4Ilvjo4xpYhCD/I=
-19,-26,Aa+BNBZryGKC7+CNzlqx7T8IY0U=,ol+oy6WuRhcw4Ilvjo4xpYhCD/I=
-21,-27,Aa+BNBZryGKC7+CNzlqx7T8IY0U=,xxPFCZa5La6Qv10wgknXFDxsWRg=
-18,-27,Aa+BNBZryGKC7+CNzlqx7T8IY0U=,ol+oy6WuRhcw4Ilvjo4xpYhCD/I=
-20,-26,Aa+BNBZryGKC7+CNzlqx7T8IY0U=,ol+oy6WuRhcw4Ilvjo4xpYhCD/I=
-20,-27,Aa+BNBZryGKC7+CNzlqx7T8IY0U=,ol+oy6WuRhcw4Ilvjo4xpYhCD/I=
-19,-27,Aa+BNBZryGKC7+CNzlqx7T8IY0U=,ol+oy6WuRhcw4Ilvjo4xpYhCD/I=
-27,-26,Aa+BNBZryGKC7+CNzlqx7T8IY0U=,5RiS0/IW9xElU7MPImS1HwuUkgg=
-26,-26,Aa+BNBZryGKC7+CNzlqx7T8IY0U=,5RiS0/IW9xElU7MPImS1HwuUkgg=
-26,-25,Aa+BNBZryGKC7+CNzlqx7T8IY0U=,5RiS0/IW9xElU7MPImS1HwuUkgg=
-24,-27,Aa+BNBZryGKC7+CNzlqx7T8IY0U=,xxPFCZa5La6Qv10wgknXFDxsWRg=
-27,-25,Aa+BNBZryGKC7+CNzlqx7T8IY0U=,5RiS0/IW9xElU7MPImS1HwuUkgg=
-27,-24,Aa+BNBZryGKC7+CNzlqx7T8IY0U=,ZtSgN5zSzGDBFwAg+tDuolqjeNA=
-26,-24,Aa+BNBZryGKC7+CNzlqx7T8IY0U=,ZtSgN5zSzGDBFwAg+tDuolqjeNA=
-25,-26,Aa+BNBZryGKC7+CNzlqx7T8IY0U=,5RiS0/IW9xElU7MPImS1HwuUkgg=
-27,-27,Aa+BNBZryGKC7+CNzlqx7T8IY0U=,5RiS0/IW9xElU7MPImS1HwuUkgg=
-26,-27,Aa+BNBZryGKC7+CNzlqx7T8IY0U=,5RiS0/IW9xElU7MPImS1HwuUkgg=
-25,-27,Aa+BNBZryGKC7+CNzlqx7T8IY0U=,5RiS0/IW9xElU7MPImS1HwuUkgg=
-24,-26,Aa+BNBZryGKC7+CNzlqx7T8IY0U=,xxPFCZa5La6Qv10wgknXFDxsWRg=
-25,-22,Aa+BNBZryGKC7+CNzlqx7T8IY0U=,ZtSgN5zSzGDBFwAg+tDuolqjeNA=
-25,-23,Aa+BNBZryGKC7+CNzlqx7T8IY0U=,ZtSgN5zSzGDBFwAg+tDuolqjeNA=
-24,-22,Aa+BNBZryGKC7+CNzlqx7T8IY0U=,DWLSO9AXpqicF0SxPSfcevjQPlQ=
-23,-22,Aa+BNBZryGKC7+CNzlqx7T8IY0U=,DWLSO9AXpqicF0SxPSfcevjQPlQ=
-24,-23,Aa+BNBZryGKC7+CNzlqx7T8IY0U=,DWLSO9AXpqicF0SxPSfcevjQPlQ=
-25,-24,Aa+BNBZryGKC7+CNzlqx7T8IY0U=,ZtSgN5zSzGDBFwAg+tDuolqjeNA=
-22,-22,Aa+BNBZryGKC7+CNzlqx7T8IY0U=,DWLSO9AXpqicF0SxPSfcevjQPlQ=
-24,-24,Aa+BNBZryGKC7+CNzlqx7T8IY0U=,DWLSO9AXpqicF0SxPSfcevjQPlQ=
-25,-25,Aa+BNBZryGKC7+CNzlqx7T8IY0U=,5RiS0/IW9xElU7MPImS1HwuUkgg=
-22,-24,Aa+BNBZryGKC7+CNzlqx7T8IY0U=,DWLSO9AXpqicF0SxPSfcevjQPlQ=
-23,-23,Aa+BNBZryGKC7+CNzlqx7T8IY0U=,DWLSO9AXpqicF0SxPSfcevjQPlQ=
-22,-25,Aa+BNBZryGKC7+CNzlqx7T8IY0U=,xxPFCZa5La6Qv10wgknXFDxsWRg=
-24,-25,Aa+BNBZryGKC7+CNzlqx7T8IY0U=,xxPFCZa5La6Qv10wgknXFDxsWRg=
-22,-23,Aa+BNBZryGKC7+CNzlqx7T8IY0U=,DWLSO9AXpqicF0SxPSfcevjQPlQ=
-23,-24,Aa+BNBZryGKC7+CNzlqx7T8IY0U=,DWLSO9AXpqicF0SxPSfcevjQPlQ=
-23,-25,Aa+BNBZryGKC7+CNzlqx7T8IY0U=,xxPFCZa5La6Qv10wgknXFDxsWRg=
-19,-25,Aa+BNBZryGKC7+CNzlqx7T8IY0U=,ol+oy6WuRhcw4Ilvjo4xpYhCD/I=
-18,-24,Aa+BNBZryGKC7+CNzlqx7T8IY0U=,ku8o43VZl3lHe8QPd4Wj5i4OBow=
-20,-24,Aa+BNBZryGKC7+CNzlqx7T8IY0U=,ku8o43VZl3lHe8QPd4Wj5i4OBow=
-18,-25,Aa+BNBZryGKC7+CNzlqx7T8IY0U=,ol+oy6WuRhcw4Ilvjo4xpYhCD/I=
-19,-24,Aa+BNBZryGKC7+CNzlqx7T8IY0U=,ku8o43VZl3lHe8QPd4Wj5i4OBow=
-21,-25,Aa+BNBZryGKC7+CNzlqx7T8IY0U=,xxPFCZa5La6Qv10wgknXFDxsWRg=
-21,-22,Aa+BNBZryGKC7+CNzlqx7T8IY0U=,DWLSO9AXpqicF0SxPSfcevjQPlQ=
-21,-23,Aa+BNBZryGKC7+CNzlqx7T8IY0U=,DWLSO9AXpqicF0SxPSfcevjQPlQ=
-18,-22,Aa+BNBZryGKC7+CNzlqx7T8IY0U=,ku8o43VZl3lHe8QPd4Wj5i4OBow=
-20,-23,Aa+BNBZryGKC7+CNzlqx7T8IY0U=,ku8o43VZl3lHe8QPd4Wj5i4OBow=
-20,-22,Aa+BNBZryGKC7+CNzlqx7T8IY0U=,ku8o43VZl3lHe8QPd4Wj5i4OBow=
-19,-22,Aa+BNBZryGKC7+CNzlqx7T8IY0U=,ku8o43VZl3lHe8QPd4Wj5i4OBow=
-21,-24,Aa+BNBZryGKC7+CNzlqx7T8IY0U=,DWLSO9AXpqicF0SxPSfcevjQPlQ=
-18,-23,Aa+BNBZryGKC7+CNzlqx7T8IY0U=,ku8o43VZl3lHe8QPd4Wj5i4OBow=
-20,-25,Aa+BNBZryGKC7+CNzlqx7T8IY0U=,ol+oy6WuRhcw4Ilvjo4xpYhCD/I=
-19,-23,Aa+BNBZryGKC7+CNzlqx7T8IY0U=,ku8o43VZl3lHe8QPd4Wj5i4OBow=
-26,-21,Aa+BNBZryGKC7+CNzlqx7T8IY0U=,ZtSgN5zSzGDBFwAg+tDuolqjeNA=
-27,-20,Aa+BNBZryGKC7+CNzlqx7T8IY0U=,9Bs83ElvsoDB7rfBPJyIhAOhCvk=
-26,-20,Aa+BNBZryGKC7+CNzlqx7T8IY0U=,9Bs83ElvsoDB7rfBPJyIhAOhCvk=
-27,-21,Aa+BNBZryGKC7+CNzlqx7T8IY0U=,ZtSgN5zSzGDBFwAg+tDuolqjeNA=
-27,-19,Aa+BNBZryGKC7+CNzlqx7T8IY0U=,9Bs83ElvsoDB7rfBPJyIhAOhCvk=
-26,-19,Aa+BNBZryGKC7+CNzlqx7T8IY0U=,9Bs83ElvsoDB7rfBPJyIhAOhCvk=
-26,-18,Aa+BNBZryGKC7+CNzlqx7T8IY0U=,9Bs83ElvsoDB7rfBPJyIhAOhCvk=
-27,-18,Aa+BNBZryGKC7+CNzlqx7T8IY0U=,9Bs83ElvsoDB7rfBPJyIhAOhCvk=
-28,-23,Aa+BNBZryGKC7+CNzlqx7T8IY0U=,ZtSgN5zSzGDBFwAg+tDuolqjeNA=
-28,-22,Aa+BNBZryGKC7+CNzlqx7T8IY0U=,ZtSgN5zSzGDBFwAg+tDuolqjeNA=
-17,-22,Aa+BNBZryGKC7+CNzlqx7T8IY0U=,ku8o43VZl3lHe8QPd4Wj5i4OBow=
-17,-23,Aa+BNBZryGKC7+CNzlqx7T8IY0U=,ku8o43VZl3lHe8QPd4Wj5i4OBow=
-26,-17,Aa+BNBZryGKC7+CNzlqx7T8IY0U=,9Bs83ElvsoDB7rfBPJyIhAOhCvk=
-27,-17,Aa+BNBZryGKC7+CNzlqx7T8IY0U=,9Bs83ElvsoDB7rfBPJyIhAOhCvk=
-31,-25,Aa+BNBZryGKC7+CNzlqx7T8IY0U=,L30/nxbejJ+qJqwDR66BZXWB8Ik=
-28,-25,Aa+BNBZryGKC7+CNzlqx7T8IY0U=,5RiS0/IW9xElU7MPImS1HwuUkgg=
-28,-24,Aa+BNBZryGKC7+CNzlqx7T8IY0U=,ZtSgN5zSzGDBFwAg+tDuolqjeNA=
-29,-25,Aa+BNBZryGKC7+CNzlqx7T8IY0U=,L30/nxbejJ+qJqwDR66BZXWB8Ik=
-30,-25,Aa+BNBZryGKC7+CNzlqx7T8IY0U=,L30/nxbejJ+qJqwDR66BZXWB8Ik=
-29,-26,Aa+BNBZryGKC7+CNzlqx7T8IY0U=,L30/nxbejJ+qJqwDR66BZXWB8Ik=
-30,-26,Aa+BNBZryGKC7+CNzlqx7T8IY0U=,L30/nxbejJ+qJqwDR66BZXWB8Ik=
-31,-26,Aa+BNBZryGKC7+CNzlqx7T8IY0U=,L30/nxbejJ+qJqwDR66BZXWB8Ik=
-29,-27,Aa+BNBZryGKC7+CNzlqx7T8IY0U=,L30/nxbejJ+qJqwDR66BZXWB8Ik=
-28,-26,Aa+BNBZryGKC7+CNzlqx7T8IY0U=,5RiS0/IW9xElU7MPImS1HwuUkgg=
-28,-27,Aa+BNBZryGKC7+CNzlqx7T8IY0U=,5RiS0/IW9xElU7MPImS1HwuUkgg=
-31,-27,Aa+BNBZryGKC7+CNzlqx7T8IY0U=,L30/nxbejJ+qJqwDR66BZXWB8Ik=
-30,-27,Aa+BNBZryGKC7+CNzlqx7T8IY0U=,L30/nxbejJ+qJqwDR66BZXWB8Ik=
-28,-21,Aa+BNBZryGKC7+CNzlqx7T8IY0U=,ZtSgN5zSzGDBFwAg+tDuolqjeNA=
-30,-18,Aa+BNBZryGKC7+CNzlqx7T8IY0U=,r4MaAn11sruDeB09MVC11QXk9BM=
-29,-20,Aa+BNBZryGKC7+CNzlqx7T8IY0U=,r4MaAn11sruDeB09MVC11QXk9BM=
-30,-20,Aa+BNBZryGKC7+CNzlqx7T8IY0U=,r4MaAn11sruDeB09MVC11QXk9BM=
-29,-18,Aa+BNBZryGKC7+CNzlqx7T8IY0U=,r4MaAn11sruDeB09MVC11QXk9BM=
-31,-20,Aa+BNBZryGKC7+CNzlqx7T8IY0U=,r4MaAn11sruDeB09MVC11QXk9BM=
-28,-19,Aa+BNBZryGKC7+CNzlqx7T8IY0U=,9Bs83ElvsoDB7rfBPJyIhAOhCvk=
-32,-20,Aa+BNBZryGKC7+CNzlqx7T8IY0U=,r4MaAn11sruDeB09MVC11QXk9BM=
-32,-17,Aa+BNBZryGKC7+CNzlqx7T8IY0U=,r4MaAn11sruDeB09MVC11QXk9BM=
-32,-19,Aa+BNBZryGKC7+CNzlqx7T8IY0U=,r4MaAn11sruDeB09MVC11QXk9BM=
-31,-19,Aa+BNBZryGKC7+CNzlqx7T8IY0U=,r4MaAn11sruDeB09MVC11QXk9BM=
-30,-19,Aa+BNBZryGKC7+CNzlqx7T8IY0U=,r4MaAn11sruDeB09MVC11QXk9BM=
-28,-18,Aa+BNBZryGKC7+CNzlqx7T8IY0U=,9Bs83ElvsoDB7rfBPJyIhAOhCvk=
-31,-18,Aa+BNBZryGKC7+CNzlqx7T8IY0U=,r4MaAn11sruDeB09MVC11QXk9BM=
-28,-17,Aa+BNBZryGKC7+CNzlqx7T8IY0U=,9Bs83ElvsoDB7rfBPJyIhAOhCvk=
-29,-19,Aa+BNBZryGKC7+CNzlqx7T8IY0U=,r4MaAn11sruDeB09MVC11QXk9BM=
-29,-17,Aa+BNBZryGKC7+CNzlqx7T8IY0U=,r4MaAn11sruDeB09MVC11QXk9BM=
-30,-17,Aa+BNBZryGKC7+CNzlqx7T8IY0U=,r4MaAn11sruDeB09MVC11QXk9BM=
-32,-18,Aa+BNBZryGKC7+CNzlqx7T8IY0U=,r4MaAn11sruDeB09MVC11QXk9BM=
-28,-20,Aa+BNBZryGKC7+CNzlqx7T8IY0U=,9Bs83ElvsoDB7rfBPJyIhAOhCvk=
-31,-17,Aa+BNBZryGKC7+CNzlqx7T8IY0U=,r4MaAn11sruDeB09MVC11QXk9BM=
-26,-31,Aa+BNBZryGKC7+CNzlqx7T8IY0U=,MwIDntDbGpzVWNyxQhXPQQNxblQ=
-27,-31,Aa+BNBZryGKC7+CNzlqx7T8IY0U=,MwIDntDbGpzVWNyxQhXPQQNxblQ=
-27,-30,Aa+BNBZryGKC7+CNzlqx7T8IY0U=,MwIDntDbGpzVWNyxQhXPQQNxblQ=
-26,-30,Aa+BNBZryGKC7+CNzlqx7T8IY0U=,MwIDntDbGpzVWNyxQhXPQQNxblQ=
-27,-29,Aa+BNBZryGKC7+CNzlqx7T8IY0U=,MwIDntDbGpzVWNyxQhXPQQNxblQ=
-27,-28,Aa+BNBZryGKC7+CNzlqx7T8IY0U=,5RiS0/IW9xElU7MPImS1HwuUkgg=
-26,-28,Aa+BNBZryGKC7+CNzlqx7T8IY0U=,5RiS0/IW9xElU7MPImS1HwuUkgg=
-26,-29,Aa+BNBZryGKC7+CNzlqx7T8IY0U=,MwIDntDbGpzVWNyxQhXPQQNxblQ=
-23,-28,Aa+BNBZryGKC7+CNzlqx7T8IY0U=,xxPFCZa5La6Qv10wgknXFDxsWRg=
-24,-31,Aa+BNBZryGKC7+CNzlqx7T8IY0U=,bT7jNnVkgYL7ltrhKby6EfZ7wBA=
-22,-28,Aa+BNBZryGKC7+CNzlqx7T8IY0U=,xxPFCZa5La6Qv10wgknXFDxsWRg=
-23,-31,Aa+BNBZryGKC7+CNzlqx7T8IY0U=,bT7jNnVkgYL7ltrhKby6EfZ7wBA=
-25,-31,Aa+BNBZryGKC7+CNzlqx7T8IY0U=,MwIDntDbGpzVWNyxQhXPQQNxblQ=
-22,-31,Aa+BNBZryGKC7+CNzlqx7T8IY0U=,bT7jNnVkgYL7ltrhKby6EfZ7wBA=
-24,-30,Aa+BNBZryGKC7+CNzlqx7T8IY0U=,bT7jNnVkgYL7ltrhKby6EfZ7wBA=
-23,-30,Aa+BNBZryGKC7+CNzlqx7T8IY0U=,bT7jNnVkgYL7ltrhKby6EfZ7wBA=
-22,-30,Aa+BNBZryGKC7+CNzlqx7T8IY0U=,bT7jNnVkgYL7ltrhKby6EfZ7wBA=
-25,-30,Aa+BNBZryGKC7+CNzlqx7T8IY0U=,MwIDntDbGpzVWNyxQhXPQQNxblQ=
-24,-29,Aa+BNBZryGKC7+CNzlqx7T8IY0U=,bT7jNnVkgYL7ltrhKby6EfZ7wBA=
-22,-29,Aa+BNBZryGKC7+CNzlqx7T8IY0U=,bT7jNnVkgYL7ltrhKby6EfZ7wBA=
-23,-29,Aa+BNBZryGKC7+CNzlqx7T8IY0U=,bT7jNnVkgYL7ltrhKby6EfZ7wBA=
-24,-28,Aa+BNBZryGKC7+CNzlqx7T8IY0U=,xxPFCZa5La6Qv10wgknXFDxsWRg=
-25,-28,Aa+BNBZryGKC7+CNzlqx7T8IY0U=,5RiS0/IW9xElU7MPImS1HwuUkgg=
-24,-21,Aa+BNBZryGKC7+CNzlqx7T8IY0U=,DWLSO9AXpqicF0SxPSfcevjQPlQ=
-25,-29,Aa+BNBZryGKC7+CNzlqx7T8IY0U=,MwIDntDbGpzVWNyxQhXPQQNxblQ=
-25,-18,Aa+BNBZryGKC7+CNzlqx7T8IY0U=,9Bs83ElvsoDB7rfBPJyIhAOhCvk=
-25,-20,Aa+BNBZryGKC7+CNzlqx7T8IY0U=,9Bs83ElvsoDB7rfBPJyIhAOhCvk=
-25,-19,Aa+BNBZryGKC7+CNzlqx7T8IY0U=,9Bs83ElvsoDB7rfBPJyIhAOhCvk=
-23,-21,Aa+BNBZryGKC7+CNzlqx7T8IY0U=,DWLSO9AXpqicF0SxPSfcevjQPlQ=
-24,-18,Aa+BNBZryGKC7+CNzlqx7T8IY0U=,8LE92JKP780R7NyFIK3OKnocZQk=
-23,-18,Aa+BNBZryGKC7+CNzlqx7T8IY0U=,8LE92JKP780R7NyFIK3OKnocZQk=
-24,-17,Aa+BNBZryGKC7+CNzlqx7T8IY0U=,8LE92JKP780R7NyFIK3OKnocZQk=
-24,-19,Aa+BNBZryGKC7+CNzlqx7T8IY0U=,8LE92JKP780R7NyFIK3OKnocZQk=
-24,-20,Aa+BNBZryGKC7+CNzlqx7T8IY0U=,8LE92JKP780R7NyFIK3OKnocZQk=
-23,-19,Aa+BNBZryGKC7+CNzlqx7T8IY0U=,8LE92JKP780R7NyFIK3OKnocZQk=
-22,-18,Aa+BNBZryGKC7+CNzlqx7T8IY0U=,8LE92JKP780R7NyFIK3OKnocZQk=
-25,-21,Aa+BNBZryGKC7+CNzlqx7T8IY0U=,ZtSgN5zSzGDBFwAg+tDuolqjeNA=
-22,-21,Aa+BNBZryGKC7+CNzlqx7T8IY0U=,DWLSO9AXpqicF0SxPSfcevjQPlQ=
-22,-20,Aa+BNBZryGKC7+CNzlqx7T8IY0U=,8LE92JKP780R7NyFIK3OKnocZQk=
-23,-20,Aa+BNBZryGKC7+CNzlqx7T8IY0U=,8LE92JKP780R7NyFIK3OKnocZQk=
-22,-19,Aa+BNBZryGKC7+CNzlqx7T8IY0U=,8LE92JKP780R7NyFIK3OKnocZQk=
-25,-17,Aa+BNBZryGKC7+CNzlqx7T8IY0U=,9Bs83ElvsoDB7rfBPJyIhAOhCvk=
-23,-17,Aa+BNBZryGKC7+CNzlqx7T8IY0U=,8LE92JKP780R7NyFIK3OKnocZQk=
-22,-17,Aa+BNBZryGKC7+CNzlqx7T8IY0U=,8LE92JKP780R7NyFIK3OKnocZQk=
-27,-32,Aa+BNBZryGKC7+CNzlqx7T8IY0U=,MwIDntDbGpzVWNyxQhXPQQNxblQ=
-26,-32,Aa+BNBZryGKC7+CNzlqx7T8IY0U=,MwIDntDbGpzVWNyxQhXPQQNxblQ=
-24,-32,Aa+BNBZryGKC7+CNzlqx7T8IY0U=,bT7jNnVkgYL7ltrhKby6EfZ7wBA=
-23,-32,Aa+BNBZryGKC7+CNzlqx7T8IY0U=,bT7jNnVkgYL7ltrhKby6EfZ7wBA=
-22,-32,Aa+BNBZryGKC7+CNzlqx7T8IY0U=,bT7jNnVkgYL7ltrhKby6EfZ7wBA=
-25,-32,Aa+BNBZryGKC7+CNzlqx7T8IY0U=,MwIDntDbGpzVWNyxQhXPQQNxblQ=
-32,-25,Aa+BNBZryGKC7+CNzlqx7T8IY0U=,L30/nxbejJ+qJqwDR66BZXWB8Ik=
-32,-27,Aa+BNBZryGKC7+CNzlqx7T8IY0U=,L30/nxbejJ+qJqwDR66BZXWB8Ik=
-32,-26,Aa+BNBZryGKC7+CNzlqx7T8IY0U=,L30/nxbejJ+qJqwDR66BZXWB8Ik=
-28,-31,Aa+BNBZryGKC7+CNzlqx7T8IY0U=,MwIDntDbGpzVWNyxQhXPQQNxblQ=
-32,-29,Aa+BNBZryGKC7+CNzlqx7T8IY0U=,bTl3LVEIHzB1GZcfJ97tqjpkdcQ=
-17,-24,Aa+BNBZryGKC7+CNzlqx7T8IY0U=,ku8o43VZl3lHe8QPd4Wj5i4OBow=
-17,-25,Aa+BNBZryGKC7+CNzlqx7T8IY0U=,ol+oy6WuRhcw4Ilvjo4xpYhCD/I=
-29,-32,Aa+BNBZryGKC7+CNzlqx7T8IY0U=,bTl3LVEIHzB1GZcfJ97tqjpkdcQ=
-28,-30,Aa+BNBZryGKC7+CNzlqx7T8IY0U=,MwIDntDbGpzVWNyxQhXPQQNxblQ=
-32,-28,Aa+BNBZryGKC7+CNzlqx7T8IY0U=,L30/nxbejJ+qJqwDR66BZXWB8Ik=
-32,-31,Aa+BNBZryGKC7+CNzlqx7T8IY0U=,bTl3LVEIHzB1GZcfJ97tqjpkdcQ=
-17,-27,Aa+BNBZryGKC7+CNzlqx7T8IY0U=,ol+oy6WuRhcw4Ilvjo4xpYhCD/I=
-17,-26,Aa+BNBZryGKC7+CNzlqx7T8IY0U=,ol+oy6WuRhcw4Ilvjo4xpYhCD/I=
-31,-30,Aa+BNBZryGKC7+CNzlqx7T8IY0U=,bTl3LVEIHzB1GZcfJ97tqjpkdcQ=
-29,-29,Aa+BNBZryGKC7+CNzlqx7T8IY0U=,bTl3LVEIHzB1GZcfJ97tqjpkdcQ=
-30,-30,Aa+BNBZryGKC7+CNzlqx7T8IY0U=,bTl3LVEIHzB1GZcfJ97tqjpkdcQ=
-30,-32,Aa+BNBZryGKC7+CNzlqx7T8IY0U=,bTl3LVEIHzB1GZcfJ97tqjpkdcQ=
-32,-30,Aa+BNBZryGKC7+CNzlqx7T8IY0U=,bTl3LVEIHzB1GZcfJ97tqjpkdcQ=
-28,-28,Aa+BNBZryGKC7+CNzlqx7T8IY0U=,5RiS0/IW9xElU7MPImS1HwuUkgg=
-31,-28,Aa+BNBZryGKC7+CNzlqx7T8IY0U=,L30/nxbejJ+qJqwDR66BZXWB8Ik=
-31,-29,Aa+BNBZryGKC7+CNzlqx7T8IY0U=,bTl3LVEIHzB1GZcfJ97tqjpkdcQ=
-29,-28,Aa+BNBZryGKC7+CNzlqx7T8IY0U=,L30/nxbejJ+qJqwDR66BZXWB8Ik=
-30,-28,Aa+BNBZryGKC7+CNzlqx7T8IY0U=,L30/nxbejJ+qJqwDR66BZXWB8Ik=
-28,-32,Aa+BNBZryGKC7+CNzlqx7T8IY0U=,MwIDntDbGpzVWNyxQhXPQQNxblQ=
-30,-29,Aa+BNBZryGKC7+CNzlqx7T8IY0U=,bTl3LVEIHzB1GZcfJ97tqjpkdcQ=
-29,-30,Aa+BNBZryGKC7+CNzlqx7T8IY0U=,bTl3LVEIHzB1GZcfJ97tqjpkdcQ=
-29,-31,Aa+BNBZryGKC7+CNzlqx7T8IY0U=,bTl3LVEIHzB1GZcfJ97tqjpkdcQ=
-31,-31,Aa+BNBZryGKC7+CNzlqx7T8IY0U=,bTl3LVEIHzB1GZcfJ97tqjpkdcQ=
-30,-31,Aa+BNBZryGKC7+CNzlqx7T8IY0U=,bTl3LVEIHzB1GZcfJ97tqjpkdcQ=
-31,-32,Aa+BNBZryGKC7+CNzlqx7T8IY0U=,bTl3LVEIHzB1GZcfJ97tqjpkdcQ=
-32,-32,Aa+BNBZryGKC7+CNzlqx7T8IY0U=,bTl3LVEIHzB1GZcfJ97tqjpkdcQ=
-28,-29,Aa+BNBZryGKC7+CNzlqx7T8IY0U=,MwIDntDbGpzVWNyxQhXPQQNxblQ=
-18,-30,Aa+BNBZryGKC7+CNzlqx7T8IY0U=,w7kdkhwiLDqgKIu4eHXDU9bS/90=
-17,-30,Aa+BNBZryGKC7+CNzlqx7T8IY0U=,w7kdkhwiLDqgKIu4eHXDU9bS/90=
-19,-32,Aa+BNBZryGKC7+CNzlqx7T8IY0U=,w7kdkhwiLDqgKIu4eHXDU9bS/90=
-20,-29,Aa+BNBZryGKC7+CNzlqx7T8IY0U=,w7kdkhwiLDqgKIu4eHXDU9bS/90=
-21,-31,Aa+BNBZryGKC7+CNzlqx7T8IY0U=,bT7jNnVkgYL7ltrhKby6EfZ7wBA=
-20,-28,Aa+BNBZryGKC7+CNzlqx7T8IY0U=,ol+oy6WuRhcw4Ilvjo4xpYhCD/I=
-19,-28,Aa+BNBZryGKC7+CNzlqx7T8IY0U=,ol+oy6WuRhcw4Ilvjo4xpYhCD/I=
-20,-30,Aa+BNBZryGKC7+CNzlqx7T8IY0U=,w7kdkhwiLDqgKIu4eHXDU9bS/90=
-19,-29,Aa+BNBZryGKC7+CNzlqx7T8IY0U=,w7kdkhwiLDqgKIu4eHXDU9bS/90=
-19,-30,Aa+BNBZryGKC7+CNzlqx7T8IY0U=,w7kdkhwiLDqgKIu4eHXDU9bS/90=
-21,-28,Aa+BNBZryGKC7+CNzlqx7T8IY0U=,xxPFCZa5La6Qv10wgknXFDxsWRg=
-17,-31,Aa+BNBZryGKC7+CNzlqx7T8IY0U=,w7kdkhwiLDqgKIu4eHXDU9bS/90=
-21,-32,Aa+BNBZryGKC7+CNzlqx7T8IY0U=,bT7jNnVkgYL7ltrhKby6EfZ7wBA=
-18,-31,Aa+BNBZryGKC7+CNzlqx7T8IY0U=,w7kdkhwiLDqgKIu4eHXDU9bS/90=
-21,-29,Aa+BNBZryGKC7+CNzlqx7T8IY0U=,bT7jNnVkgYL7ltrhKby6EfZ7wBA=
-19,-31,Aa+BNBZryGKC7+CNzlqx7T8IY0U=,w7kdkhwiLDqgKIu4eHXDU9bS/90=
-20,-32,Aa+BNBZryGKC7+CNzlqx7T8IY0U=,w7kdkhwiLDqgKIu4eHXDU9bS/90=
-20,-31,Aa+BNBZryGKC7+CNzlqx7T8IY0U=,w7kdkhwiLDqgKIu4eHXDU9bS/90=
-21,-30,Aa+BNBZryGKC7+CNzlqx7T8IY0U=,bT7jNnVkgYL7ltrhKby6EfZ7wBA=
-18,-32,Aa+BNBZryGKC7+CNzlqx7T8IY0U=,w7kdkhwiLDqgKIu4eHXDU9bS/90=
-17,-32,Aa+BNBZryGKC7+CNzlqx7T8IY0U=,w7kdkhwiLDqgKIu4eHXDU9bS/90=
-18,-28,Aa+BNBZryGKC7+CNzlqx7T8IY0U=,ol+oy6WuRhcw4Ilvjo4xpYhCD/I=
-17,-28,Aa+BNBZryGKC7+CNzlqx7T8IY0U=,ol+oy6WuRhcw4Ilvjo4xpYhCD/I=
-17,-29,Aa+BNBZryGKC7+CNzlqx7T8IY0U=,w7kdkhwiLDqgKIu4eHXDU9bS/90=
-18,-29,Aa+BNBZryGKC7+CNzlqx7T8IY0U=,w7kdkhwiLDqgKIu4eHXDU9bS/90=
-17,-21,Aa+BNBZryGKC7+CNzlqx7T8IY0U=,ku8o43VZl3lHe8QPd4Wj5i4OBow=
-19,-21,Aa+BNBZryGKC7+CNzlqx7T8IY0U=,ku8o43VZl3lHe8QPd4Wj5i4OBow=
-18,-21,Aa+BNBZryGKC7+CNzlqx7T8IY0U=,ku8o43VZl3lHe8QPd4Wj5i4OBow=
-20,-17,Aa+BNBZryGKC7+CNzlqx7T8IY0U=,o1AxlKGltVBvp+GGlgAzR0k/Scg=
-21,-18,Aa+BNBZryGKC7+CNzlqx7T8IY0U=,8LE92JKP780R7NyFIK3OKnocZQk=
-20,-18,Aa+BNBZryGKC7+CNzlqx7T8IY0U=,o1AxlKGltVBvp+GGlgAzR0k/Scg=
-21,-19,Aa+BNBZryGKC7+CNzlqx7T8IY0U=,8LE92JKP780R7NyFIK3OKnocZQk=
-18,-20,Aa+BNBZryGKC7+CNzlqx7T8IY0U=,o1AxlKGltVBvp+GGlgAzR0k/Scg=
-17,-18,Aa+BNBZryGKC7+CNzlqx7T8IY0U=,o1AxlKGltVBvp+GGlgAzR0k/Scg=
-20,-19,Aa+BNBZryGKC7+CNzlqx7T8IY0U=,o1AxlKGltVBvp+GGlgAzR0k/Scg=
-20,-21,Aa+BNBZryGKC7+CNzlqx7T8IY0U=,ku8o43VZl3lHe8QPd4Wj5i4OBow=
-18,-19,Aa+BNBZryGKC7+CNzlqx7T8IY0U=,o1AxlKGltVBvp+GGlgAzR0k/Scg=
-17,-20,Aa+BNBZryGKC7+CNzlqx7T8IY0U=,o1AxlKGltVBvp+GGlgAzR0k/Scg=
-21,-20,Aa+BNBZryGKC7+CNzlqx7T8IY0U=,8LE92JKP780R7NyFIK3OKnocZQk=
-19,-19,Aa+BNBZryGKC7+CNzlqx7T8IY0U=,o1AxlKGltVBvp+GGlgAzR0k/Scg=
-19,-17,Aa+BNBZryGKC7+CNzlqx7T8IY0U=,o1AxlKGltVBvp+GGlgAzR0k/Scg=
-17,-17,Aa+BNBZryGKC7+CNzlqx7T8IY0U=,o1AxlKGltVBvp+GGlgAzR0k/Scg=
-18,-18,Aa+BNBZryGKC7+CNzlqx7T8IY0U=,o1AxlKGltVBvp+GGlgAzR0k/Scg=
-21,-21,Aa+BNBZryGKC7+CNzlqx7T8IY0U=,DWLSO9AXpqicF0SxPSfcevjQPlQ=
-21,-17,Aa+BNBZryGKC7+CNzlqx7T8IY0U=,8LE92JKP780R7NyFIK3OKnocZQk=
-19,-18,Aa+BNBZryGKC7+CNzlqx7T8IY0U=,o1AxlKGltVBvp+GGlgAzR0k/Scg=
-19,-20,Aa+BNBZryGKC7+CNzlqx7T8IY0U=,o1AxlKGltVBvp+GGlgAzR0k/Scg=
-18,-17,Aa+BNBZryGKC7+CNzlqx7T8IY0U=,o1AxlKGltVBvp+GGlgAzR0k/Scg=
-20,-20,Aa+BNBZryGKC7+CNzlqx7T8IY0U=,o1AxlKGltVBvp+GGlgAzR0k/Scg=
-17,-19,Aa+BNBZryGKC7+CNzlqx7T8IY0U=,o1AxlKGltVBvp+GGlgAzR0k/Scg=
-31,-7,Aa+BNBZryGKC7+CNzlqx7T8IY0U=,h0BkxtaE2ZZb1V/czbZIRUeRZkY=
-30,-6,Aa+BNBZryGKC7+CNzlqx7T8IY0U=,h0BkxtaE2ZZb1V/czbZIRUeRZkY=
-31,-6,Aa+BNBZryGKC7+CNzlqx7T8IY0U=,h0BkxtaE2ZZb1V/czbZIRUeRZkY=
-30,-7,Aa+BNBZryGKC7+CNzlqx7T8IY0U=,h0BkxtaE2ZZb1V/czbZIRUeRZkY=
-27,-3,Aa+BNBZryGKC7+CNzlqx7T8IY0U=,5lWt/MW1ycP9utzkgRUao11yoN4=
-26,-3,Aa+BNBZryGKC7+CNzlqx7T8IY0U=,5lWt/MW1ycP9utzkgRUao11yoN4=
-27,-2,Aa+BNBZryGKC7+CNzlqx7T8IY0U=,5lWt/MW1ycP9utzkgRUao11yoN4=
-26,-2,Aa+BNBZryGKC7+CNzlqx7T8IY0U=,5lWt/MW1ycP9utzkgRUao11yoN4=
-28,-7,1dJjqhj9XjQLrFyKhDCRJWZ+o6s=,Cr3zs4bZg9foMdX0Ul2uKwRahJg=
-29,-6,1dJjqhj9XjQLrFyKhDCRJWZ+o6s=,h0BkxtaE2ZZb1V/czbZIRUeRZkY=
-26,-4,1dJjqhj9XjQLrFyKhDCRJWZ+o6s=,5lWt/MW1ycP9utzkgRUao11yoN4=
-26,-5,1dJjqhj9XjQLrFyKhDCRJWZ+o6s=,Cr3zs4bZg9foMdX0Ul2uKwRahJg=
-27,-4,1dJjqhj9XjQLrFyKhDCRJWZ+o6s=,5lWt/MW1ycP9utzkgRUao11yoN4=
-27,-5,1dJjqhj9XjQLrFyKhDCRJWZ+o6s=,Cr3zs4bZg9foMdX0Ul2uKwRahJg=
-27,-6,1dJjqhj9XjQLrFyKhDCRJWZ+o6s=,Cr3zs4bZg9foMdX0Ul2uKwRahJg=
-29,-7,1dJjqhj9XjQLrFyKhDCRJWZ+o6s=,h0BkxtaE2ZZb1V/czbZIRUeRZkY=
-28,-6,1dJjqhj9XjQLrFyKhDCRJWZ+o6s=,Cr3zs4bZg9foMdX0Ul2uKwRahJg=
-26,-6,1dJjqhj9XjQLrFyKhDCRJWZ+o6s=,Cr3zs4bZg9foMdX0Ul2uKwRahJg=
-27,-7,1dJjqhj9XjQLrFyKhDCRJWZ+o6s=,Cr3zs4bZg9foMdX0Ul2uKwRahJg=
-26,-7,1dJjqhj9XjQLrFyKhDCRJWZ+o6s=,Cr3zs4bZg9foMdX0Ul2uKwRahJg=
-29,-4,1dJjqhj9XjQLrFyKhDCRJWZ+o6s=,2yNQ95V/5XzUHeBbb4cFRBpvtFQ=
-29,-5,1dJjqhj9XjQLrFyKhDCRJWZ+o6s=,h0BkxtaE2ZZb1V/czbZIRUeRZkY=
-30,-4,1dJjqhj9XjQLrFyKhDCRJWZ+o6s=,2yNQ95V/5XzUHeBbb4cFRBpvtFQ=
-29,-2,1dJjqhj9XjQLrFyKhDCRJWZ+o6s=,2yNQ95V/5XzUHeBbb4cFRBpvtFQ=
-28,-3,1dJjqhj9XjQLrFyKhDCRJWZ+o6s=,5lWt/MW1ycP9utzkgRUao11yoN4=
-30,-5,1dJjqhj9XjQLrFyKhDCRJWZ+o6s=,h0BkxtaE2ZZb1V/czbZIRUeRZkY=
-28,-4,1dJjqhj9XjQLrFyKhDCRJWZ+o6s=,5lWt/MW1ycP9utzkgRUao11yoN4=
-28,-5,1dJjqhj9XjQLrFyKhDCRJWZ+o6s=,Cr3zs4bZg9foMdX0Ul2uKwRahJg=
-28,-2,1dJjqhj9XjQLrFyKhDCRJWZ+o6s=,5lWt/MW1ycP9utzkgRUao11yoN4=
-31,-3,1dJjqhj9XjQLrFyKhDCRJWZ+o6s=,2yNQ95V/5XzUHeBbb4cFRBpvtFQ=
-31,-4,1dJjqhj9XjQLrFyKhDCRJWZ+o6s=,2yNQ95V/5XzUHeBbb4cFRBpvtFQ=
-30,-3,1dJjqhj9XjQLrFyKhDCRJWZ+o6s=,2yNQ95V/5XzUHeBbb4cFRBpvtFQ=
-29,-3,1dJjqhj9XjQLrFyKhDCRJWZ+o6s=,2yNQ95V/5XzUHeBbb4cFRBpvtFQ=
-31,-5,1dJjqhj9XjQLrFyKhDCRJWZ+o6s=,h0BkxtaE2ZZb1V/czbZIRUeRZkY=
-31,-2,1dJjqhj9XjQLrFyKhDCRJWZ+o6s=,2yNQ95V/5XzUHeBbb4cFRBpvtFQ=
-30,-2,1dJjqhj9XjQLrFyKhDCRJWZ+o6s=,2yNQ95V/5XzUHeBbb4cFRBpvtFQ=
-27,-14,1dJjqhj9XjQLrFyKhDCRJWZ+o6s=,ARHSE7pIyFMO0grfxdrD6R28XYw=
-27,-15,1dJjqhj9XjQLrFyKhDCRJWZ+o6s=,ARHSE7pIyFMO0grfxdrD6R28XYw=
-26,-14,1dJjqhj9XjQLrFyKhDCRJWZ+o6s=,ARHSE7pIyFMO0grfxdrD6R28XYw=
-26,-15,1dJjqhj9XjQLrFyKhDCRJWZ+o6s=,ARHSE7pIyFMO0grfxdrD6R28XYw=
-28,-14,1dJjqhj9XjQLrFyKhDCRJWZ+o6s=,ARHSE7pIyFMO0grfxdrD6R28XYw=
-29,-14,1dJjqhj9XjQLrFyKhDCRJWZ+o6s=,3aDTmOTlYLfdcjjD3c7ttn8DRBo=
-31,-14,1dJjqhj9XjQLrFyKhDCRJWZ+o6s=,3aDTmOTlYLfdcjjD3c7ttn8DRBo=
-30,-14,1dJjqhj9XjQLrFyKhDCRJWZ+o6s=,3aDTmOTlYLfdcjjD3c7ttn8DRBo=
-29,-15,1dJjqhj9XjQLrFyKhDCRJWZ+o6s=,3aDTmOTlYLfdcjjD3c7ttn8DRBo=
-31,-15,1dJjqhj9XjQLrFyKhDCRJWZ+o6s=,3aDTmOTlYLfdcjjD3c7ttn8DRBo=
-28,-15,1dJjqhj9XjQLrFyKhDCRJWZ+o6s=,ARHSE7pIyFMO0grfxdrD6R28XYw=
-30,-15,1dJjqhj9XjQLrFyKhDCRJWZ+o6s=,3aDTmOTlYLfdcjjD3c7ttn8DRBo=
-30,-8,1dJjqhj9XjQLrFyKhDCRJWZ+o6s=,h0BkxtaE2ZZb1V/czbZIRUeRZkY=
-31,-12,1dJjqhj9XjQLrFyKhDCRJWZ+o6s=,0nBVqsNEPmD7vLSIY0/vUEwdczg=
-31,-8,1dJjqhj9XjQLrFyKhDCRJWZ+o6s=,h0BkxtaE2ZZb1V/czbZIRUeRZkY=
-31,-11,1dJjqhj9XjQLrFyKhDCRJWZ+o6s=,0nBVqsNEPmD7vLSIY0/vUEwdczg=
-30,-13,1dJjqhj9XjQLrFyKhDCRJWZ+o6s=,3aDTmOTlYLfdcjjD3c7ttn8DRBo=
-31,-13,1dJjqhj9XjQLrFyKhDCRJWZ+o6s=,3aDTmOTlYLfdcjjD3c7ttn8DRBo=
-30,-9,1dJjqhj9XjQLrFyKhDCRJWZ+o6s=,0nBVqsNEPmD7vLSIY0/vUEwdczg=
-30,-11,1dJjqhj9XjQLrFyKhDCRJWZ+o6s=,0nBVqsNEPmD7vLSIY0/vUEwdczg=
-31,-10,1dJjqhj9XjQLrFyKhDCRJWZ+o6s=,0nBVqsNEPmD7vLSIY0/vUEwdczg=
-30,-10,1dJjqhj9XjQLrFyKhDCRJWZ+o6s=,0nBVqsNEPmD7vLSIY0/vUEwdczg=
-31,-9,1dJjqhj9XjQLrFyKhDCRJWZ+o6s=,0nBVqsNEPmD7vLSIY0/vUEwdczg=
-30,-12,1dJjqhj9XjQLrFyKhDCRJWZ+o6s=,0nBVqsNEPmD7vLSIY0/vUEwdczg=
-29,-8,1dJjqhj9XjQLrFyKhDCRJWZ+o6s=,h0BkxtaE2ZZb1V/czbZIRUeRZkY=
-28,-9,1dJjqhj9XjQLrFyKhDCRJWZ+o6s=,kumYJDCjp7K5fBIlUWAaO1wVtPo=
-29,-12,1dJjqhj9XjQLrFyKhDCRJWZ+o6s=,0nBVqsNEPmD7vLSIY0/vUEwdczg=
-29,-10,1dJjqhj9XjQLrFyKhDCRJWZ+o6s=,0nBVqsNEPmD7vLSIY0/vUEwdczg=
-27,-10,1dJjqhj9XjQLrFyKhDCRJWZ+o6s=,kumYJDCjp7K5fBIlUWAaO1wVtPo=
-26,-10,1dJjqhj9XjQLrFyKhDCRJWZ+o6s=,kumYJDCjp7K5fBIlUWAaO1wVtPo=
-27,-12,1dJjqhj9XjQLrFyKhDCRJWZ+o6s=,kumYJDCjp7K5fBIlUWAaO1wVtPo=
-27,-9,1dJjqhj9XjQLrFyKhDCRJWZ+o6s=,kumYJDCjp7K5fBIlUWAaO1wVtPo=
-27,-8,1dJjqhj9XjQLrFyKhDCRJWZ+o6s=,Cr3zs4bZg9foMdX0Ul2uKwRahJg=
-28,-12,1dJjqhj9XjQLrFyKhDCRJWZ+o6s=,kumYJDCjp7K5fBIlUWAaO1wVtPo=
-28,-13,1dJjqhj9XjQLrFyKhDCRJWZ+o6s=,ARHSE7pIyFMO0grfxdrD6R28XYw=
-28,-8,1dJjqhj9XjQLrFyKhDCRJWZ+o6s=,Cr3zs4bZg9foMdX0Ul2uKwRahJg=
-29,-13,1dJjqhj9XjQLrFyKhDCRJWZ+o6s=,3aDTmOTlYLfdcjjD3c7ttn8DRBo=
-28,-10,1dJjqhj9XjQLrFyKhDCRJWZ+o6s=,kumYJDCjp7K5fBIlUWAaO1wVtPo=
-27,-13,1dJjqhj9XjQLrFyKhDCRJWZ+o6s=,ARHSE7pIyFMO0grfxdrD6R28XYw=
-26,-8,1dJjqhj9XjQLrFyKhDCRJWZ+o6s=,Cr3zs4bZg9foMdX0Ul2uKwRahJg=
-26,-13,1dJjqhj9XjQLrFyKhDCRJWZ+o6s=,ARHSE7pIyFMO0grfxdrD6R28XYw=
-29,-9,1dJjqhj9XjQLrFyKhDCRJWZ+o6s=,0nBVqsNEPmD7vLSIY0/vUEwdczg=
-29,-11,1dJjqhj9XjQLrFyKhDCRJWZ+o6s=,0nBVqsNEPmD7vLSIY0/vUEwdczg=
-27,-11,1dJjqhj9XjQLrFyKhDCRJWZ+o6s=,kumYJDCjp7K5fBIlUWAaO1wVtPo=
-26,-11,1dJjqhj9XjQLrFyKhDCRJWZ+o6s=,kumYJDCjp7K5fBIlUWAaO1wVtPo=
-26,-12,1dJjqhj9XjQLrFyKhDCRJWZ+o6s=,kumYJDCjp7K5fBIlUWAaO1wVtPo=
-26,-9,1dJjqhj9XjQLrFyKhDCRJWZ+o6s=,kumYJDCjp7K5fBIlUWAaO1wVtPo=
-28,-11,1dJjqhj9XjQLrFyKhDCRJWZ+o6s=,kumYJDCjp7K5fBIlUWAaO1wVtPo=
-24,-10,1dJjqhj9XjQLrFyKhDCRJWZ+o6s=,I8XChYhZ6JEobx5rZ0OnRRw6jQQ=
-22,-10,1dJjqhj9XjQLrFyKhDCRJWZ+o6s=,I8XChYhZ6JEobx5rZ0OnRRw6jQQ=
-25,-10,1dJjqhj9XjQLrFyKhDCRJWZ+o6s=,kumYJDCjp7K5fBIlUWAaO1wVtPo=
-22,-11,1dJjqhj9XjQLrFyKhDCRJWZ+o6s=,I8XChYhZ6JEobx5rZ0OnRRw6jQQ=
-23,-11,1dJjqhj9XjQLrFyKhDCRJWZ+o6s=,I8XChYhZ6JEobx5rZ0OnRRw6jQQ=
-24,-11,1dJjqhj9XjQLrFyKhDCRJWZ+o6s=,I8XChYhZ6JEobx5rZ0OnRRw6jQQ=
-23,-10,1dJjqhj9XjQLrFyKhDCRJWZ+o6s=,I8XChYhZ6JEobx5rZ0OnRRw6jQQ=
-25,-11,1dJjqhj9XjQLrFyKhDCRJWZ+o6s=,kumYJDCjp7K5fBIlUWAaO1wVtPo=
-24,-15,1dJjqhj9XjQLrFyKhDCRJWZ+o6s=,qp+9OSSKQwGoC5i26hLFcD0m+Q4=
-24,-12,1dJjqhj9XjQLrFyKhDCRJWZ+o6s=,I8XChYhZ6JEobx5rZ0OnRRw6jQQ=
-22,-14,PA/OfTaL2K6QMRCpBumVkaHVrpk=,qp+9OSSKQwGoC5i26hLFcD0m+Q4=
-25,-14,PA/OfTaL2K6QMRCpBumVkaHVrpk=,ARHSE7pIyFMO0grfxdrD6R28XYw=
-25,-15,PA/OfTaL2K6QMRCpBumVkaHVrpk=,ARHSE7pIyFMO0grfxdrD6R28XYw=
-22,-12,PA/OfTaL2K6QMRCpBumVkaHVrpk=,I8XChYhZ6JEobx5rZ0OnRRw6jQQ=
-24,-14,PA/OfTaL2K6QMRCpBumVkaHVrpk=,qp+9OSSKQwGoC5i26hLFcD0m+Q4=
-25,-13,PA/OfTaL2K6QMRCpBumVkaHVrpk=,ARHSE7pIyFMO0grfxdrD6R28XYw=
-22,-15,PA/OfTaL2K6QMRCpBumVkaHVrpk=,qp+9OSSKQwGoC5i26hLFcD0m+Q4=
-23,-14,PA/OfTaL2K6QMRCpBumVkaHVrpk=,qp+9OSSKQwGoC5i26hLFcD0m+Q4=
-24,-13,PA/OfTaL2K6QMRCpBumVkaHVrpk=,qp+9OSSKQwGoC5i26hLFcD0m+Q4=
-23,-13,PA/OfTaL2K6QMRCpBumVkaHVrpk=,qp+9OSSKQwGoC5i26hLFcD0m+Q4=
-23,-12,PA/OfTaL2K6QMRCpBumVkaHVrpk=,I8XChYhZ6JEobx5rZ0OnRRw6jQQ=
-25,-12,PA/OfTaL2K6QMRCpBumVkaHVrpk=,kumYJDCjp7K5fBIlUWAaO1wVtPo=
-22,-13,PA/OfTaL2K6QMRCpBumVkaHVrpk=,qp+9OSSKQwGoC5i26hLFcD0m+Q4=
-23,-15,PA/OfTaL2K6QMRCpBumVkaHVrpk=,qp+9OSSKQwGoC5i26hLFcD0m+Q4=
-21,-10,PA/OfTaL2K6QMRCpBumVkaHVrpk=,I8XChYhZ6JEobx5rZ0OnRRw6jQQ=
-18,-10,PA/OfTaL2K6QMRCpBumVkaHVrpk=,YadwOGzChvif8wnKC7IqQGOTciQ=
-19,-10,PA/OfTaL2K6QMRCpBumVkaHVrpk=,YadwOGzChvif8wnKC7IqQGOTciQ=
-18,-11,PA/OfTaL2K6QMRCpBumVkaHVrpk=,YadwOGzChvif8wnKC7IqQGOTciQ=
-20,-11,PA/OfTaL2K6QMRCpBumVkaHVrpk=,YadwOGzChvif8wnKC7IqQGOTciQ=
-19,-11,PA/OfTaL2K6QMRCpBumVkaHVrpk=,YadwOGzChvif8wnKC7IqQGOTciQ=
-20,-10,PA/OfTaL2K6QMRCpBumVkaHVrpk=,YadwOGzChvif8wnKC7IqQGOTciQ=
-21,-11,PA/OfTaL2K6QMRCpBumVkaHVrpk=,I8XChYhZ6JEobx5rZ0OnRRw6jQQ=
-19,-13,PA/OfTaL2K6QMRCpBumVkaHVrpk=,qamxIHDgRkqMSdvHqlZbb+dwW6A=
-18,-13,PA/OfTaL2K6QMRCpBumVkaHVrpk=,qamxIHDgRkqMSdvHqlZbb+dwW6A=
-21,-14,PA/OfTaL2K6QMRCpBumVkaHVrpk=,qp+9OSSKQwGoC5i26hLFcD0m+Q4=
-19,-14,PA/OfTaL2K6QMRCpBumVkaHVrpk=,qamxIHDgRkqMSdvHqlZbb+dwW6A=
-20,-14,PA/OfTaL2K6QMRCpBumVkaHVrpk=,qamxIHDgRkqMSdvHqlZbb+dwW6A=
-21,-13,PA/OfTaL2K6QMRCpBumVkaHVrpk=,qp+9OSSKQwGoC5i26hLFcD0m+Q4=
-20,-15,PA/OfTaL2K6QMRCpBumVkaHVrpk=,qamxIHDgRkqMSdvHqlZbb+dwW6A=
-21,-12,PA/OfTaL2K6QMRCpBumVkaHVrpk=,I8XChYhZ6JEobx5rZ0OnRRw6jQQ=
-18,-14,PA/OfTaL2K6QMRCpBumVkaHVrpk=,qamxIHDgRkqMSdvHqlZbb+dwW6A=
-18,-15,PA/OfTaL2K6QMRCpBumVkaHVrpk=,qamxIHDgRkqMSdvHqlZbb+dwW6A=
-20,-13,PA/OfTaL2K6QMRCpBumVkaHVrpk=,qamxIHDgRkqMSdvHqlZbb+dwW6A=
-19,-12,PA/OfTaL2K6QMRCpBumVkaHVrpk=,YadwOGzChvif8wnKC7IqQGOTciQ=
-18,-12,PA/OfTaL2K6QMRCpBumVkaHVrpk=,YadwOGzChvif8wnKC7IqQGOTciQ=
-19,-15,PA/OfTaL2K6QMRCpBumVkaHVrpk=,qamxIHDgRkqMSdvHqlZbb+dwW6A=
-21,-15,PA/OfTaL2K6QMRCpBumVkaHVrpk=,qp+9OSSKQwGoC5i26hLFcD0m+Q4=
-20,-12,PA/OfTaL2K6QMRCpBumVkaHVrpk=,YadwOGzChvif8wnKC7IqQGOTciQ=
-23,-9,PA/OfTaL2K6QMRCpBumVkaHVrpk=,I8XChYhZ6JEobx5rZ0OnRRw6jQQ=
-22,-9,PA/OfTaL2K6QMRCpBumVkaHVrpk=,I8XChYhZ6JEobx5rZ0OnRRw6jQQ=
-22,-6,PA/OfTaL2K6QMRCpBumVkaHVrpk=,HpvrvdvGXAvnm15E4PStBF38Mrc=
-24,-8,PA/OfTaL2K6QMRCpBumVkaHVrpk=,HpvrvdvGXAvnm15E4PStBF38Mrc=
-24,-6,PA/OfTaL2K6QMRCpBumVkaHVrpk=,HpvrvdvGXAvnm15E4PStBF38Mrc=
-23,-6,PA/OfTaL2K6QMRCpBumVkaHVrpk=,HpvrvdvGXAvnm15E4PStBF38Mrc=
-24,-9,PA/OfTaL2K6QMRCpBumVkaHVrpk=,I8XChYhZ6JEobx5rZ0OnRRw6jQQ=
-25,-8,PA/OfTaL2K6QMRCpBumVkaHVrpk=,Cr3zs4bZg9foMdX0Ul2uKwRahJg=
-25,-9,PA/OfTaL2K6QMRCpBumVkaHVrpk=,kumYJDCjp7K5fBIlUWAaO1wVtPo=
-25,-6,PA/OfTaL2K6QMRCpBumVkaHVrpk=,Cr3zs4bZg9foMdX0Ul2uKwRahJg=
-23,-7,PA/OfTaL2K6QMRCpBumVkaHVrpk=,HpvrvdvGXAvnm15E4PStBF38Mrc=
-22,-7,PA/OfTaL2K6QMRCpBumVkaHVrpk=,HpvrvdvGXAvnm15E4PStBF38Mrc=
-23,-8,PA/OfTaL2K6QMRCpBumVkaHVrpk=,HpvrvdvGXAvnm15E4PStBF38Mrc=
-22,-8,PA/OfTaL2K6QMRCpBumVkaHVrpk=,HpvrvdvGXAvnm15E4PStBF38Mrc=
-25,-7,PA/OfTaL2K6QMRCpBumVkaHVrpk=,Cr3zs4bZg9foMdX0Ul2uKwRahJg=
-24,-7,PA/OfTaL2K6QMRCpBumVkaHVrpk=,HpvrvdvGXAvnm15E4PStBF38Mrc=
-24,-4,PA/OfTaL2K6QMRCpBumVkaHVrpk=,w0pax2AHK6sA95HvhgFi4ybbWV0=
-23,-4,PA/OfTaL2K6QMRCpBumVkaHVrpk=,w0pax2AHK6sA95HvhgFi4ybbWV0=
-22,-4,PA/OfTaL2K6QMRCpBumVkaHVrpk=,w0pax2AHK6sA95HvhgFi4ybbWV0=
-24,-2,PA/OfTaL2K6QMRCpBumVkaHVrpk=,w0pax2AHK6sA95HvhgFi4ybbWV0=
-23,-2,PA/OfTaL2K6QMRCpBumVkaHVrpk=,w0pax2AHK6sA95HvhgFi4ybbWV0=
-22,-2,PA/OfTaL2K6QMRCpBumVkaHVrpk=,w0pax2AHK6sA95HvhgFi4ybbWV0=
-22,-5,PA/OfTaL2K6QMRCpBumVkaHVrpk=,HpvrvdvGXAvnm15E4PStBF38Mrc=
-23,-5,PA/OfTaL2K6QMRCpBumVkaHVrpk=,HpvrvdvGXAvnm15E4PStBF38Mrc=
-22,-3,PA/OfTaL2K6QMRCpBumVkaHVrpk=,w0pax2AHK6sA95HvhgFi4ybbWV0=
-23,-3,PA/OfTaL2K6QMRCpBumVkaHVrpk=,w0pax2AHK6sA95HvhgFi4ybbWV0=
-24,-5,PA/OfTaL2K6QMRCpBumVkaHVrpk=,HpvrvdvGXAvnm15E4PStBF38Mrc=
-25,-3,PA/OfTaL2K6QMRCpBumVkaHVrpk=,5lWt/MW1ycP9utzkgRUao11yoN4=
-24,-3,PA/OfTaL2K6QMRCpBumVkaHVrpk=,w0pax2AHK6sA95HvhgFi4ybbWV0=
-25,-4,PA/OfTaL2K6QMRCpBumVkaHVrpk=,5lWt/MW1ycP9utzkgRUao11yoN4=
-25,-2,PA/OfTaL2K6QMRCpBumVkaHVrpk=,5lWt/MW1ycP9utzkgRUao11yoN4=
-25,-5,PA/OfTaL2K6QMRCpBumVkaHVrpk=,Cr3zs4bZg9foMdX0Ul2uKwRahJg=
-22,-1,PA/OfTaL2K6QMRCpBumVkaHVrpk=,w0pax2AHK6sA95HvhgFi4ybbWV0=
-23,-1,PA/OfTaL2K6QMRCpBumVkaHVrpk=,w0pax2AHK6sA95HvhgFi4ybbWV0=
-17,-10,PA/OfTaL2K6QMRCpBumVkaHVrpk=,YadwOGzChvif8wnKC7IqQGOTciQ=
-17,-11,PA/OfTaL2K6QMRCpBumVkaHVrpk=,YadwOGzChvif8wnKC7IqQGOTciQ=
-17,-6,PA/OfTaL2K6QMRCpBumVkaHVrpk=,YBLKMIXGuvAqYJSLugP3XDJa7QI=
-17,-7,PA/OfTaL2K6QMRCpBumVkaHVrpk=,YBLKMIXGuvAqYJSLugP3XDJa7QI=
-20,-9,PA/OfTaL2K6QMRCpBumVkaHVrpk=,YadwOGzChvif8wnKC7IqQGOTciQ=
-19,-6,PA/OfTaL2K6QMRCpBumVkaHVrpk=,YBLKMIXGuvAqYJSLugP3XDJa7QI=
-17,-12,PA/OfTaL2K6QMRCpBumVkaHVrpk=,YadwOGzChvif8wnKC7IqQGOTciQ=
-19,-7,PA/OfTaL2K6QMRCpBumVkaHVrpk=,YBLKMIXGuvAqYJSLugP3XDJa7QI=
-17,-14,PA/OfTaL2K6QMRCpBumVkaHVrpk=,qamxIHDgRkqMSdvHqlZbb+dwW6A=
-17,-13,PA/OfTaL2K6QMRCpBumVkaHVrpk=,qamxIHDgRkqMSdvHqlZbb+dwW6A=
-18,-7,PA/OfTaL2K6QMRCpBumVkaHVrpk=,YBLKMIXGuvAqYJSLugP3XDJa7QI=
-20,-8,PA/OfTaL2K6QMRCpBumVkaHVrpk=,YBLKMIXGuvAqYJSLugP3XDJa7QI=
-18,-6,PA/OfTaL2K6QMRCpBumVkaHVrpk=,YBLKMIXGuvAqYJSLugP3XDJa7QI=
-18,-8,PA/OfTaL2K6QMRCpBumVkaHVrpk=,YBLKMIXGuvAqYJSLugP3XDJa7QI=
-19,-8,PA/OfTaL2K6QMRCpBumVkaHVrpk=,YBLKMIXGuvAqYJSLugP3XDJa7QI=
-17,-15,PA/OfTaL2K6QMRCpBumVkaHVrpk=,qamxIHDgRkqMSdvHqlZbb+dwW6A=
-21,-9,PA/OfTaL2K6QMRCpBumVkaHVrpk=,I8XChYhZ6JEobx5rZ0OnRRw6jQQ=
-21,-6,PA/OfTaL2K6QMRCpBumVkaHVrpk=,HpvrvdvGXAvnm15E4PStBF38Mrc=
-21,-8,PA/OfTaL2K6QMRCpBumVkaHVrpk=,HpvrvdvGXAvnm15E4PStBF38Mrc=
-19,-9,PA/OfTaL2K6QMRCpBumVkaHVrpk=,YadwOGzChvif8wnKC7IqQGOTciQ=
-18,-9,PA/OfTaL2K6QMRCpBumVkaHVrpk=,YadwOGzChvif8wnKC7IqQGOTciQ=
-21,-7,PA/OfTaL2K6QMRCpBumVkaHVrpk=,HpvrvdvGXAvnm15E4PStBF38Mrc=
-17,-9,PA/OfTaL2K6QMRCpBumVkaHVrpk=,YadwOGzChvif8wnKC7IqQGOTciQ=
-20,-7,PA/OfTaL2K6QMRCpBumVkaHVrpk=,YBLKMIXGuvAqYJSLugP3XDJa7QI=
-20,-6,PA/OfTaL2K6QMRCpBumVkaHVrpk=,YBLKMIXGuvAqYJSLugP3XDJa7QI=
-17,-8,PA/OfTaL2K6QMRCpBumVkaHVrpk=,YBLKMIXGuvAqYJSLugP3XDJa7QI=
-22,-16,PA/OfTaL2K6QMRCpBumVkaHVrpk=,qp+9OSSKQwGoC5i26hLFcD0m+Q4=
-23,-16,PA/OfTaL2K6QMRCpBumVkaHVrpk=,qp+9OSSKQwGoC5i26hLFcD0m+Q4=
-18,-16,PA/OfTaL2K6QMRCpBumVkaHVrpk=,qamxIHDgRkqMSdvHqlZbb+dwW6A=
-24,-16,PA/OfTaL2K6QMRCpBumVkaHVrpk=,qp+9OSSKQwGoC5i26hLFcD0m+Q4=
-19,-16,PA/OfTaL2K6QMRCpBumVkaHVrpk=,qamxIHDgRkqMSdvHqlZbb+dwW6A=
-27,-16,PA/OfTaL2K6QMRCpBumVkaHVrpk=,ARHSE7pIyFMO0grfxdrD6R28XYw=
-32,-14,PA/OfTaL2K6QMRCpBumVkaHVrpk=,3aDTmOTlYLfdcjjD3c7ttn8DRBo=
-21,-16,PA/OfTaL2K6QMRCpBumVkaHVrpk=,qp+9OSSKQwGoC5i26hLFcD0m+Q4=
-26,-16,PA/OfTaL2K6QMRCpBumVkaHVrpk=,ARHSE7pIyFMO0grfxdrD6R28XYw=
-25,-16,PA/OfTaL2K6QMRCpBumVkaHVrpk=,ARHSE7pIyFMO0grfxdrD6R28XYw=
-32,-15,PA/OfTaL2K6QMRCpBumVkaHVrpk=,3aDTmOTlYLfdcjjD3c7ttn8DRBo=
-20,-16,PA/OfTaL2K6QMRCpBumVkaHVrpk=,qamxIHDgRkqMSdvHqlZbb+dwW6A=
-32,-2,PA/OfTaL2K6QMRCpBumVkaHVrpk=,2yNQ95V/5XzUHeBbb4cFRBpvtFQ=
-30,-16,PA/OfTaL2K6QMRCpBumVkaHVrpk=,3aDTmOTlYLfdcjjD3c7ttn8DRBo=
-31,-16,PA/OfTaL2K6QMRCpBumVkaHVrpk=,3aDTmOTlYLfdcjjD3c7ttn8DRBo=
-29,-16,PA/OfTaL2K6QMRCpBumVkaHVrpk=,3aDTmOTlYLfdcjjD3c7ttn8DRBo=
-32,-11,PA/OfTaL2K6QMRCpBumVkaHVrpk=,0nBVqsNEPmD7vLSIY0/vUEwdczg=
-28,-16,PA/OfTaL2K6QMRCpBumVkaHVrpk=,ARHSE7pIyFMO0grfxdrD6R28XYw=
-32,-12,PA/OfTaL2K6QMRCpBumVkaHVrpk=,0nBVqsNEPmD7vLSIY0/vUEwdczg=
-32,-13,PA/OfTaL2K6QMRCpBumVkaHVrpk=,3aDTmOTlYLfdcjjD3c7ttn8DRBo=
-31,-1,PA/OfTaL2K6QMRCpBumVkaHVrpk=,2yNQ95V/5XzUHeBbb4cFRBpvtFQ=
-32,-1,PA/OfTaL2K6QMRCpBumVkaHVrpk=,2yNQ95V/5XzUHeBbb4cFRBpvtFQ=
-30,-1,PA/OfTaL2K6QMRCpBumVkaHVrpk=,2yNQ95V/5XzUHeBbb4cFRBpvtFQ=
-32,-10,PA/OfTaL2K6QMRCpBumVkaHVrpk=,0nBVqsNEPmD7vLSIY0/vUEwdczg=
-32,-16,PA/OfTaL2K6QMRCpBumVkaHVrpk=,3aDTmOTlYLfdcjjD3c7ttn8DRBo=
-17,-16,PA/OfTaL2K6QMRCpBumVkaHVrpk=,qamxIHDgRkqMSdvHqlZbb+dwW6A=
-26,-1,PA/OfTaL2K6QMRCpBumVkaHVrpk=,5lWt/MW1ycP9utzkgRUao11yoN4=
-32,-3,PA/OfTaL2K6QMRCpBumVkaHVrpk=,2yNQ95V/5XzUHeBbb4cFRBpvtFQ=
-28,-1,PA/OfTaL2K6QMRCpBumVkaHVrpk=,5lWt/MW1ycP9utzkgRUao11yoN4=
-29,-1,PA/OfTaL2K6QMRCpBumVkaHVrpk=,2yNQ95V/5XzUHeBbb4cFRBpvtFQ=
-27,-1,PA/OfTaL2K6QMRCpBumVkaHVrpk=,5lWt/MW1ycP9utzkgRUao11yoN4=
-32,-5,PA/OfTaL2K6QMRCpBumVkaHVrpk=,h0BkxtaE2ZZb1V/czbZIRUeRZkY=
-25,-1,PA/OfTaL2K6QMRCpBumVkaHVrpk=,5lWt/MW1ycP9utzkgRUao11yoN4=
-32,-6,PA/OfTaL2K6QMRCpBumVkaHVrpk=,h0BkxtaE2ZZb1V/czbZIRUeRZkY=
-32,-4,PA/OfTaL2K6QMRCpBumVkaHVrpk=,2yNQ95V/5XzUHeBbb4cFRBpvtFQ=
-32,-9,PA/OfTaL2K6QMRCpBumVkaHVrpk=,0nBVqsNEPmD7vLSIY0/vUEwdczg=
-24,-1,PA/OfTaL2K6QMRCpBumVkaHVrpk=,w0pax2AHK6sA95HvhgFi4ybbWV0=
-32,-8,PA/OfTaL2K6QMRCpBumVkaHVrpk=,h0BkxtaE2ZZb1V/czbZIRUeRZkY=
-32,-7,PA/OfTaL2K6QMRCpBumVkaHVrpk=,h0BkxtaE2ZZb1V/czbZIRUeRZkY=
-17,-2,PA/OfTaL2K6QMRCpBumVkaHVrpk=,Wr/WtG9leEwN89xDTtoyB7Sdiss=
-21,-4,PA/OfTaL2K6QMRCpBumVkaHVrpk=,w0pax2AHK6sA95HvhgFi4ybbWV0=
-18,-3,PA/OfTaL2K6QMRCpBumVkaHVrpk=,Wr/WtG9leEwN89xDTtoyB7Sdiss=
-21,-1,PA/OfTaL2K6QMRCpBumVkaHVrpk=,w0pax2AHK6sA95HvhgFi4ybbWV0=
-21,-2,PA/OfTaL2K6QMRCpBumVkaHVrpk=,w0pax2AHK6sA95HvhgFi4ybbWV0=
-19,-3,PA/OfTaL2K6QMRCpBumVkaHVrpk=,Wr/WtG9leEwN89xDTtoyB7Sdiss=
-20,-1,PA/OfTaL2K6QMRCpBumVkaHVrpk=,Wr/WtG9leEwN89xDTtoyB7Sdiss=
-18,-1,PA/OfTaL2K6QMRCpBumVkaHVrpk=,Wr/WtG9leEwN89xDTtoyB7Sdiss=
-20,-4,PA/OfTaL2K6QMRCpBumVkaHVrpk=,Wr/WtG9leEwN89xDTtoyB7Sdiss=
-20,-3,PA/OfTaL2K6QMRCpBumVkaHVrpk=,Wr/WtG9leEwN89xDTtoyB7Sdiss=
-18,-2,PA/OfTaL2K6QMRCpBumVkaHVrpk=,Wr/WtG9leEwN89xDTtoyB7Sdiss=
-21,-3,PA/OfTaL2K6QMRCpBumVkaHVrpk=,w0pax2AHK6sA95HvhgFi4ybbWV0=
-20,-2,PA/OfTaL2K6QMRCpBumVkaHVrpk=,Wr/WtG9leEwN89xDTtoyB7Sdiss=
-18,-4,PA/OfTaL2K6QMRCpBumVkaHVrpk=,Wr/WtG9leEwN89xDTtoyB7Sdiss=
-17,-4,PA/OfTaL2K6QMRCpBumVkaHVrpk=,Wr/WtG9leEwN89xDTtoyB7Sdiss=
-19,-2,PA/OfTaL2K6QMRCpBumVkaHVrpk=,Wr/WtG9leEwN89xDTtoyB7Sdiss=
-21,-5,PA/OfTaL2K6QMRCpBumVkaHVrpk=,HpvrvdvGXAvnm15E4PStBF38Mrc=
-17,-3,PA/OfTaL2K6QMRCpBumVkaHVrpk=,Wr/WtG9leEwN89xDTtoyB7Sdiss=
-19,-4,PA/OfTaL2K6QMRCpBumVkaHVrpk=,Wr/WtG9leEwN89xDTtoyB7Sdiss=
-17,-5,PA/OfTaL2K6QMRCpBumVkaHVrpk=,YBLKMIXGuvAqYJSLugP3XDJa7QI=
-20,-5,PA/OfTaL2K6QMRCpBumVkaHVrpk=,YBLKMIXGuvAqYJSLugP3XDJa7QI=
-17,-1,PA/OfTaL2K6QMRCpBumVkaHVrpk=,Wr/WtG9leEwN89xDTtoyB7Sdiss=
-19,-5,PA/OfTaL2K6QMRCpBumVkaHVrpk=,YBLKMIXGuvAqYJSLugP3XDJa7QI=
-18,-5,PA/OfTaL2K6QMRCpBumVkaHVrpk=,YBLKMIXGuvAqYJSLugP3XDJa7QI=
-19,-1,PA/OfTaL2K6QMRCpBumVkaHVrpk=,Wr/WtG9leEwN89xDTtoyB7Sdiss=
