0,0,vzVXVUw7aYfvA7qXhDk9/9mjNzs=,zazOf3f+YhIgyFW/SpyijQ6B+7s=
